C101
{0: [1, 44, 43, 42, 41, 45, 47, 46, 49, 52, 51, 53, 50, 48, 1],
 1: [1, 68, 66, 64, 63, 75, 73, 62, 65, 69, 67, 70, 1],
 2: [1, 6, 4, 8, 9, 11, 12, 10, 7, 5, 3, 2, 76, 1],
 3: [1, 14, 18, 19, 20, 16, 17, 15, 13, 1],
 4: [1, 91, 88, 87, 84, 83, 85, 86, 89, 90, 92, 1],
 5: [1, 99, 97, 96, 95, 93, 94, 98, 101, 100, 1],
 6: [1, 58, 56, 55, 54, 57, 59, 61, 60, 1],
 7: [1, 33, 34, 32, 36, 38, 39, 40, 37, 35, 1],
 8: [1, 82, 79, 77, 72, 71, 74, 78, 80, 81, 1],
 9: [1, 21, 25, 26, 28, 30, 31, 29, 27, 24, 23, 22, 1]}


C102
{0: [1, 21, 22, 27, 24, 23, 35, 38, 1],
 1: [1, 68, 66, 64, 69, 67, 70, 73, 1],
 2: [1, 6, 4, 8, 9, 11, 12, 10, 7, 5, 2, 3, 76, 1],
 3: [1, 44, 43, 42, 41, 45, 47, 46, 49, 52, 51, 53, 50, 48, 1],
 4: [1, 91, 88, 87, 84, 83, 85, 86, 89, 90, 92, 99, 97, 1],
 5: [1, 58, 56, 55, 54, 57, 59, 61, 60, 1],
 6: [1, 14, 18, 19, 20, 16, 17, 15, 13, 95, 1],
 7: [1, 33, 34, 32, 36, 39, 40, 37, 96, 1],
 8: [1, 25, 26, 28, 30, 31, 29, 101, 100, 1],
 9: [1, 82, 63, 75, 62, 65, 81, 1],
 10: [1, 93, 94, 98, 1],
 11: [1, 79, 77, 72, 71, 74, 78, 80, 1]}


 C201
 HT


 C202
4


R101
{0: [1, 28, 32, 89, 8, 11, 71, 1],
 1: [1, 13, 77, 80, 4, 69, 78, 1],
 2: [1, 41, 54, 56, 5, 26, 1],
 3: [1, 40, 24, 68, 57, 75, 59, 1],
 4: [1, 6, 85, 18, 94, 1],
 5: [1, 93, 99, 62, 86, 38, 92, 101, 1],
 6: [1, 31, 52, 10, 21, 2, 1],
 7: [1, 29, 30, 55, 25, 81, 1],
 8: [1, 7, 97, 14, 1],
 9: [1, 15, 45, 39, 44, 1],
 10: [1, 83, 9, 47, 49, 1],
 11: [1, 53, 19, 61, 90, 1],
 12: [1, 96, 88, 98, 1],
 13: [1, 64, 65, 50, 1],
 14: [1, 60, 100, 95, 1],
 15: [1, 46, 84, 17, 87, 1],
 16: [1, 73, 76, 23, 27, 1],
 17: [1, 66, 72, 67, 1],
 18: [1, 37, 48, 20, 91, 33, 1],
 19: [1, 3, 22, 74, 42, 1],
 20: [1, 43, 16, 58, 1],
 21: [1, 63, 12, 1],
 22: [1, 70, 79, 35, 36, 1],
 23: [1, 34, 82, 51, 1]}


R102
{0: [1, 2, 70, 31, 52, 51, 4, 69, 81, 1],
 1: [1, 53, 8, 83, 49, 50, 1],
 2: [1, 28, 54, 59, 1],
 3: [1, 29, 77, 79, 35, 36, 78, 1],
 4: [1, 32, 63, 12, 91, 33, 71, 1],
 5: [1, 93, 38, 99, 92, 17, 87, 6, 61, 90, 1],
 6: [1, 84, 46, 89, 9, 47, 18, 94, 1],
 7: [1, 95, 96, 88, 58, 98, 14, 1],
 8: [1, 15, 45, 39, 44, 101, 1],
 9: [1, 19, 27, 55, 13, 1],
 10: [1, 64, 65, 67, 1],
 11: [1, 97, 60, 86, 62, 85, 1],
 12: [1, 3, 43, 16, 42, 76, 57, 5, 1],
 13: [1, 37, 48, 20, 11, 1],
 14: [1, 22, 41, 25, 1],
 15: [1, 74, 23, 75, 1],
 16: [1, 34, 82, 21, 1],
 17: [1, 73, 40, 24, 68, 56, 26, 1],
 18: [1, 66, 72, 10, 1],
 19: [1, 100, 7, 1],
 20: [1, 30, 80, 1]}

 R201
{0: [1, 62, 17, 45, 39, 87, 86, 100, 97, 38, 98, 14, 59, 94, 101, 78, 81, 1],
 1: [1,
  28,
  70,
  32,
  63,
  12,
  20,
  89,
  8,
  19,
  9,
  91,
  67,
  21,
  33,
  71,
  2,
  25,
  26,
  1],
 2: [1, 95, 7, 85, 18, 92, 61, 90, 49, 1],
 3: [1, 54, 41, 51, 4, 35, 36, 69, 5, 75, 1],
 4: [1, 29, 13, 30, 79, 80, 82, 10, 23, 42, 58, 44, 57, 56, 55, 1],
 5: [1, 60, 93, 99, 96, 3, 68, 24, 76, 74, 27, 11, 1],
 6: [1, 43, 15, 6, 84, 46, 48, 37, 83, 53, 65, 50, 1],
 7: [1, 73, 40, 64, 88, 47, 1],
 8: [1, 34, 66, 72, 31, 77, 52, 1],
 9: [1, 22, 16, 1]}



 R202
 {0: [1,
 53,
 83,
 49,
 48,
 37,
 65,
 50,
 47,
 6,
 99,
 98,
 96,
 95,
 14,
 75,
 73,
 5,
 26,
 25,
 81,
 78,
 51,
 2,
 71,
 1], 1: [1,
  28,
  77,
  31,
  91,
  33,
  67,
  36,
  35,
  4,
  90,
  61,
  18,
  94,
  86,
  92,
  101,
  38,
  59,
  1],
 2: [1, 54, 41, 22, 23, 42, 58, 44, 76, 57, 56, 55, 27, 1],
 3: [1, 93, 60, 97, 13, 40, 24, 68, 74, 3, 88, 1], 
 4: [1, 84, 46, 9, 87, 85, 1],
 5: [1, 29, 34, 66, 72, 10, 52, 82, 80, 79, 21, 11, 1],
 6: [1, 32, 64, 12, 63, 89, 20, 8, 19, 7, 100, 1],
 7: [1, 70, 30, 69, 1],
 8: [1, 43, 15, 16, 39, 45, 17, 62, 1]}

RC101
{0: [1, 91, 54, 11, 14, 18, 1],
 1: [1, 65, 52, 86, 85, 57, 67, 92, 81, 1],
 2: [1, 96, 63, 68, 72, 95, 69, 56, 101, 71, 1],
 3: [1, 70, 99, 89, 80, 61, 1],
 4: [1, 15, 48, 16, 17, 10, 88, 78, 59, 1],
 5: [1, 43, 45, 4, 2, 5, 1],
 6: [1, 62, 82, 42, 55, 97, 94, 1],
 7: [1, 73, 40, 37, 39, 41, 44, 38, 36, 1],
 8: [1, 83, 53, 100, 87, 58, 49, 26, 1],
 9: [1, 6, 46, 3, 8, 7, 9, 47, 1],
 10: [1, 64, 77, 23, 50, 21, 25, 1],
 11: [1, 66, 60, 76, 98, 75, 1],
 12: [1, 12, 13, 74, 79, 1],
 13: [1, 93, 34, 31, 29, 27, 33, 1],
 14: [1, 84, 22, 24, 20, 19, 90, 1],
 15: [1, 28, 30, 32, 35, 51, 1]}



 RC102
{0: [1, 66, 53, 58, 87, 75, 78, 1],
 1: [1, 91, 54, 56, 69, 101, 71, 1],
 2: [1, 92, 96, 63, 68, 95, 97, 55, 81, 1],
 3: [1, 70, 89, 74, 79, 8, 5, 1],
 4: [1, 65, 23, 25, 26, 1],
 5: [1, 82, 42, 44, 36, 38, 1],
 6: [1, 40, 37, 45, 39, 41, 2, 4, 6, 1],
 7: [1, 43, 73, 72, 94, 1],
 8: [1, 46, 9, 80, 61, 1],
 9: [1, 86, 64, 77, 52, 85, 57, 67, 1],
 10: [1, 99, 13, 15, 48, 16, 17, 18, 14, 1],
 11: [1, 62, 3, 7, 47, 1],
 12: [1, 51, 34, 31, 29, 33, 35, 1],
 13: [1, 100, 88, 60, 98, 76, 59, 1],
 14: [1, 93, 32, 30, 28, 27, 90, 1],
 15: [1, 84, 49, 22, 24, 20, 19, 50, 21, 1],
 16: [1, 83, 12, 10, 11, 1]}
