C101:
Route #1: 7 8 10 11 9 6 4 2 1 75
Route #2: 54 53 56 58 60 59 49 47
Route #3: 31 35 37 38 39 36 34 22
Route #4: 67 78 76 71 84 85 88 89 91 21
Route #5: 81 70 73 77 79 66 69
Route #6: 57 55 62 74 72 61 64 68 50 52
Route #7: 43 33 29 30 28 26 23
Route #8: 13 17 18 19 15 16 14 12 99
Route #9: 32 24
Route #10: 41 40 44 46 45 48 51
Route #11: 98 96 95 94 93 97 100
Route #12: 65 63 83 82 80
Route #13: 20 3 92
Route #14: 42
Route #15: 90 87 86
Route #16: 25 27
Route #17: 5

C102:
Route #1: 41 40 44 46 45 47
Route #2: 81 78 76 71 70 73 77 72 83 85 91
Route #3: 67 65 63 62 74 84 88 89
Route #4: 90 87 82 93 97 94 2 1 75 3
Route #5: 43 42 48 31 52 50 34 37 5 98 7
Route #6: 20 24 25 59 38 39 36 96 95 21
Route #7: 57 55 54 53 56 58 60 49
Route #8: 13 12 16 14 22 26
Route #9: 10 11 9 6 4 69
Route #10: 8 92 61 64 66
Route #11: 32 33 35 30 28 23
Route #12: 17
Route #13: 27 29 51
Route #14: 18 19 15 100 99
Route #15: 68
Route #16: 86
Route #17: 80
Route #18: 79

C103:
Route #1: 33 35 60 54 50 46 52 47 21 24
Route #2: 48
Route #3: 59
Route #4: 67 87 85 91 94 95 96 98 2 97
Route #5: 78 76 70 84 73 71 81 82 83
Route #6: 51
Route #7: 16 19 18
Route #8: 65 22 14 26
Route #9: 42
Route #10: 40 44 30 31 37 32 34 29 28
Route #11: 57
Route #12: 49 72
Route #13: 13 17
Route #14: 61 93 88 63 90 1 3
Route #15: 25
Route #16: 41
Route #17: 12 20
Route #18: 66 86 89
Route #19: 69 43
Route #20: 27
Route #21: 11 45 68 75 5 7
Route #22: 10 9 6 4
Route #23: 38 39 36
Route #24: 23
Route #25: 15 100 99
Route #26: 55 53 56 58 64 80
Route #27: 62 74 77 79
Route #28: 8
Route #29: 92

C104:
Route #1: 60 59 40 45 41 42 72 64 61 66 65 63
Route #2: 58 54 56 57 48 46 43
Route #3: 100 83 86 82 85
Route #4: 68 92 84 77 73 70 71 78 81
Route #5: 23 35 37 39
Route #6: 47 49 52 50 51 31 36 34 33 32 24 20
Route #7: 79 89 90 88 91
Route #8: 99 10 6 97
Route #9: 4 21 22 26 30
Route #10: 13 19 18 17 14 16 12 28 27 29 94
Route #11: 67 87 76 80 93 95 96 98 1 2 3
Route #12: 25
Route #13: 44 38 5 7 75 69
Route #14: 9
Route #15: 8 15 11
Route #16: 62 74
Route #17: 55 53

C105:
Route #1: 55 54 53 56 58 60 59 51 50 49 47
Route #2: 31 35 37 38 39 36 34 22 21 75
Route #3: 32 33
Route #4: 13 17 18 19 15 11 9 6 4 2
Route #5: 67 90 86 83 84 85 88 91 1
Route #6: 20 43 40 44 46 45 48 52 69
Route #7: 25 27 29 30 28 26 23 66
Route #8: 78 81 76 71 70 73 77 79 80
Route #9: 98 96 95 94 93 97 100 99
Route #10: 57 65 62 74 72 61 64 68
Route #11: 63 41
Route #12: 24 42
Route #13: 5 3
Route #14: 7 8 10
Route #15: 87 82 89
Route #16: 16 14 12
Route #17: 92

C106:
Route #1: 68 66 69 49 47
Route #2: 32 33 31 35 37 38 39 36 34
Route #3: 78 81 71 70 82 85 4 1 75
Route #4: 43 67 87 94 93 84 88 89 2 52
Route #5: 25 27 29 30 28 26 23 22 21
Route #6: 57 55 53 56 58 60 59 51 50
Route #7: 13 17 18 19 15 16 9 6 91
Route #8: 24 7 96 92 97 100 12 99
Route #9: 20 65 76 73 77 79 80
Route #10: 41 40 44 46 45 61 64
Route #11: 63 62 74 72 48
Route #12: 42 54
Route #13: 5 3 98 86 83 14
Route #14: 8
Route #15: 10 11
Route #16: 95 90

C107:
Route #1: 16 14 12 6 4 1 75 47
Route #2: 17 13 18
Route #3: 57 55 54 53 56 58 60 59
Route #4: 24
Route #5: 98 96 95 94 92 93 97 100 99 49
Route #6: 32 33
Route #7: 20
Route #8: 81 78 76 71 82 84 85 88 89 91
Route #9: 43
Route #10: 87
Route #11: 42
Route #12: 67 65 63 62 74 72 61 64 68 66 69
Route #13: 31 35 37 38 39 36 34 23 22 21
Route #14: 41 40 44
Route #15: 90 86 83
Route #16: 5 3 7 8 10 11 9 2 52
Route #17: 46 45 48 51 50
Route #18: 27 29
Route #19: 25 30 28 26 80
Route #20: 19
Route #21: 15
Route #22: 70 73 77 79

C108:
Route #1: 31 35 37 38 39 36 34 23 47 49
Route #2: 57 55 54 56 58 60 59 48 51
Route #3: 17 13 18
Route #4: 43 32 33
Route #5: 78 76 71 82 84 85 88 89 91 2
Route #6: 20 24
Route #7: 63 53
Route #8: 65 67 86 83 93 97 6 75 1
Route #9: 40 44 46 45 52 50 21
Route #10: 98 96 3
Route #11: 5 7 8
Route #12: 62 74 72 64 68 66 69 22
Route #13: 27 29 10 11 9 4 26 99
Route #14: 94 95 92 100 12 79
Route #15: 41 42
Route #16: 25 15 16 14 28 80
Route #17: 87 90 81 70 73 77 61
Route #18: 19
Route #19: 30

C109:
Route #1: 60 56 58 59 52 50 49 21
Route #2: 17
Route #3: 13
Route #4: 18
Route #5: 54
Route #6: 57
Route #7: 31 33
Route #8: 81
Route #9: 32 98 95 96 92 93 100 99 1 91
Route #10: 55
Route #11: 43
Route #12: 24 87
Route #13: 78 76
Route #14: 42
Route #15: 25 7
Route #16: 20 86
Route #17: 67
Route #18: 65 74
Route #19: 90
Route #20: 5 3 11
Route #21: 41 44 46 45 48 51 34 36 47 66 69
Route #22: 63 62 72 61 64 68 6 4 2 75
Route #23: 53
Route #24: 37 35 38 39 30 28 26 23 22
Route #25: 29
Route #26: 27 10 9 16 14 12 88 89
Route #27: 82 84 83 85 73 77 79 80
Route #28: 40
Route #29: 71
Route #30: 19
Route #31: 70
Route #32: 8
Route #33: 15
Route #34: 97
Route #35: 94

C201:
Route #1: 31 35 37 38 39 36 34 26 83 76 71 73 79 78 96 90 87
Route #2: 99 29 16 14 12 13 9 10 21
Route #3: 1 30 100 92 95 3 88 86 85 70 80 81 77 8
Route #4: 97 94 4 84 82 17 25 11 41 48
Route #5: 69 65 55 53 58 59 40 46 45 50 52 47 43 42
Route #6: 68 49 54 56 60 57 44 51 15
Route #7: 72 98 7 89 91 18 19
Route #8: 61 64 66 33 23
Route #9: 6 32 28
Route #10: 2 27
Route #11: 67
Route #12: 93 20
Route #13: 63 5
Route #14: 74
Route #15: 22
Route #16: 62
Route #17: 75
Route #18: 24

C202:
Route #1: 30 52 21 5 75 2 12 1 7 3 98 83 82 95 91 96 72 48 34 37 26 90 87
Route #2: 69 54 56 58 60 57 40 46 71 70 79 77 59 50 31
Route #3: 66 65 53 88 86 76 73 81 78 85 94
Route #4: 64 68 55 89 84 45 47 42 8
Route #5: 97 92 4 23 19 16 14 13 9 11 10 41
Route #6: 20 93 24 61 33 35 39 36 28 18 15 17 25 80
Route #7: 100 32 49 44 51 43
Route #8: 67 63
Route #9: 99 6 38
Route #10: 22
Route #11: 29
Route #12: 74
Route #13: 62
Route #14: 27

C203:
Route #1: 68 55 53 56 58 72 63 90 89 2 75 5 12 14 16 21 48 43 47 52 50 51 46
Route #2: 93 67
Route #3: 22 65 38 39 4 88 61 91 7 1 3 98 96 86 83 94 95 97 57 54 59
Route #4: 49 60 20 19 18 24 29 34 32 87 81
Route #5: 33 35 82 85 71 73 76 80 78 77 31 37 28
Route #6: 92 26 9 11 10 8
Route #7: 69 36 23 17 13 25 42 41
Route #8: 100 6 44 45 70 79
Route #9: 62
Route #10: 64 66 40 15
Route #11: 99 84
Route #12: 74
Route #13: 27
Route #14: 30

C204:
Route #1: 64 67 55 4 53 58 60 59 54 49 65 68 41 47 50 51 52 45 42 43 48 20 24 27
Route #2: 74 87 35
Route #3: 25 31 37 33 32 39 36 34
Route #4: 69 46 40 57 56 61 96 90 91 86 88 89 75 5 10 21 17 19 18 16 14 12 93 2 7 3
Route #5: 62
Route #6: 6 29 30 22 72 66 63 83 82 80 73 70 81 78 85 71 98 1 94 95 97 13 11 8 28 26
Route #7: 99 100 92 9 77
Route #8: 38 15 79
Route #9: 23 84 76
Route #10: 44

C205:
Route #1: 33 32 92 95 98 88 86 85 76 71 70 73 80 79 81 77 96 87 90
Route #2: 94 7 84 83 82 17 12 13 25 9 11 10 8 21
Route #3: 69 31 38 39 37 36 34 28 26 23 18 19 16 14 15 45 52 47 42 41 43 78 48
Route #4: 66 3 4 91 89 57 40 44 46 51 50
Route #5: 65 55 53 56 58 60 59
Route #6: 100 97 64 68 49 54
Route #7: 35
Route #8: 1 30 99 61
Route #9: 63
Route #10: 67
Route #11: 20
Route #12: 93 22
Route #13: 72
Route #14: 6 29
Route #15: 62
Route #16: 5 24 75
Route #17: 74
Route #18: 2
Route #19: 27

C206:
Route #1: 17 50 73 70 78 9 21 8 77 90
Route #2: 7 4 91 84 82 76 80 79 81 87 48 96
Route #3: 98 38 36 34 39 58 59 57 44 40 19 16 12 15 52 13 25 41 11 10
Route #4: 49 54 53 56 60 86 71 85 51 45 43 42 47
Route #5: 95 3 89 88 83 14 18 46
Route #6: 55 68 65 28 23 26
Route #7: 24 63 67
Route #8: 1 92 32 33 31 37 35
Route #9: 5 22
Route #10: 69 72 61 64 66 94
Route #11: 93
Route #12: 2 75
Route #13: 27 62 74 30 99 97 100
Route #14: 20
Route #15: 29 6

C207:
Route #1: 100 95 7 4 91 84 86 82 76 71 79 13 25 11 90 96 87
Route #2: 92 98 3 89 88 83 85 70 73 17 16 14 50 52 43 41 48 21
Route #3: 99 97 94 55 54 53 44 57 40 51 45 47 42 15 10 9 8 77 78
Route #4: 1
Route #5: 22 30 27 29 20 24 72 61 64 6 37 33 35 31 38 28 39 34 18 19 23 12 46 80 81
Route #6: 5 63 93 67 62 68 65 60 58 56 59 36 26
Route #7: 2
Route #8: 75 74
Route #9: 69 66 32 49

C208:
Route #1: 93 67 63 74 72 61 62 64 94 33 31 35 37 38 39 28 26 23 84 85 76 71 70 73 79 81 42 41 48 90 87 96
Route #2: 54 58 60 59 57 88 86 46 44 40 45 50 52 47 80 78 77 10 11 8 21
Route #3: 53 89 91 83 82 14 12 15 17 13 25 9 51 43
Route #4: 3 4 7 95 98 36 34 18 19 16
Route #5: 55 49 65 68 56
Route #6: 20
Route #7: 22
Route #8: 24
Route #9: 27
Route #10: 5
Route #11: 75
Route #12: 2
Route #13: 30
Route #14: 66 6 32 69 97 92
Route #15: 1
Route #16: 29 100 99