C101:
Route #1: 52 47
Route #2: 57 55 54 53 56 58 60 68
Route #3: 81 78 76 71 70 73 77 89 91 75
Route #4: 20 24 25 27 29 30 28 26 23 22 21 49
Route #5: 32 33 31 35 37 38 39 36 34
Route #6: 98 96 95 94 92 93 97 100 99 1
Route #7: 13 17 18 19 15 16 14 12 69
Route #8: 43 42 41 40 44 46 45 48 51 66
Route #9: 90 87 86 83 82 84 85 88 2
Route #10: 67 65 63 62 74 72 61 64 50
Route #11: 5 3 7 8 10 11 9 6 4
Route #12: 79 80
Route #13: 59

C102:
Route #1: 13 17 18 19 15 16 14 100 99
Route #2: 87
Route #3: 86 8 10 11 9 6 4 59 48 50
Route #4: 24 25 27 29 30 28 88 1 2 98 96
Route #5: 92 93 97 34 31 37 52
Route #6: 42 63 62 74 46 61 64 68
Route #7: 55 54 53 56 58 60 51 69 21 26
Route #8: 32 33 35 38 39 36 75 3 7 5
Route #9: 20 12
Route #10: 78 76 71 70 73 77 79 80 83 82 91
Route #11: 84 89 22 85 72
Route #12: 67 95 94 49 47
Route #13: 90
Route #14: 65 41 40 44 45 23 66
Route #15: 57
Route #16: 43
Route #17: 81

C103:
Route #1: 13 17 8 15 11 9 6 4 22 24 26
Route #2: 87 92 93 100 99 19 16 14
Route #3: 67 33 35 38 39 36 34 37 32 29
Route #4: 65 41 62 74 31 52 48 47 43 61 72
Route #5: 7 5 3 75 1 2 21 20 28 18 12
Route #6: 78 76 70 77 51 50 54 57
Route #7: 97 94 96 95 98 90 83 82 71 73 81
Route #8: 42 63 86 89 91 85 46 59 60 49
Route #9: 55 53 56 58 45 68 66 69
Route #10: 25 27 30 88 23
Route #11: 84 79 80
Route #12: 40 44 64
Route #13: 10

C104:
Route #1: 32 35 31 44 38 37 39 36 34 30 29
Route #2: 87 25 15 100 99 18 19 17
Route #3: 67
Route #4: 62 74 51 48 45 42 40 41 43 47
Route #5: 76 50 52 49 46 60 56 54 57
Route #6: 66 73 71 70 80 81 78 82 83 86 89
Route #7: 61
Route #8: 68
Route #9: 64
Route #10: 6 10 14 12 16 26 27 24 28 20 22 21
Route #11: 59 53 58 77 79 72 63 65
Route #12: 7 3 1 94 96 93 97 95 98 5 91
Route #13: 2 75 90 85 88 23 33
Route #14: 4 69
Route #15: 8 11 9
Route #16: 92 84
Route #17: 55
Route #18: 13

C105:
Route #1: 67 57 54 53 56 58 60 64
Route #2: 32 33 31 35 37 30 26 23 22 21 47
Route #3: 81 78 76 71 70 73 77 88 89 1 75
Route #4: 43 55 59 66 69 49
Route #5: 42 41 40 44 46 45 48 51 52
Route #6: 13 17 18 19 15 16 14 12 4
Route #7: 98 96 95 94 92 93 97 100 99 91
Route #8: 20 24 25 27 29 28 6 2
Route #9: 5 90 86 83 82 84 85 79 80
Route #10: 87
Route #11: 65 63 62 74 72 61 68 50
Route #12: 38 39 36 34
Route #13: 3 7 8 10 11 9

C106:
Route #1: 63 62 74 72 61 64 68 66 69 47 49
Route #2: 32 33 31 35 30 28 26 23 22 21
Route #3: 13 17 18 19 15 16 14 12 4
Route #4: 24 25 27 29 46 45 48 51 52 1 75
Route #5: 3 98 96 92 93 97 100 2 99
Route #6: 20 78 76 71 70 73 77 79 80 91
Route #7: 7 8 10 11 9 6 88 89
Route #8: 87 90 83 86 82 84 85 50
Route #9: 42 41 40 44
Route #10: 57 55 54 53 56 58 60 59
Route #11: 67
Route #12: 95 94
Route #13: 43
Route #14: 65 81
Route #15: 37 38 39 36 34
Route #16: 5

C107:
Route #1: 90 87 86 83 82 84 85 88 89 91 1 75
Route #2: 33 32 27 29 30 28 26 23 22 21 69 47
Route #3: 17 18 19 15 16 14 12 6 4 66
Route #4: 57 55 54 53 56 58 60 64
Route #5: 96 98 95 94 92 93 97 100 99 49
Route #6: 24 25 8 10 11 9 2 52
Route #7: 13 7
Route #8: 20 42 41 40 44 46 45 48 51 50
Route #9: 81 78 76 71 70 73 77 79 80
Route #10: 43 65 63 62 74 72 61 68 34
Route #11: 5 3
Route #12: 67
Route #13: 35 37 38 39 36 59
Route #14: 31

C108:
Route #1: 78 76 71 81 82 84 85 88 89 91
Route #2: 33 32 31 29 30 28 26 23 22 2
Route #3: 17 13 18 19 15 16 14 12 4
Route #4: 98 96 95 94 92 93 97 100 99 1
Route #5: 25 24 27 74 72 61 64 68 66 75 47
Route #6: 7 5
Route #7: 57 55 54 53 56 58 60 59
Route #8: 20 42 41 40 44 46 45 48 51 50 21 49
Route #9: 87 90 86 83 70 73 77 79 80 69 52
Route #10: 8
Route #11: 3
Route #12: 10 11 9 6 36 34
Route #13: 62 63
Route #14: 43 67
Route #15: 35 37 38 39
Route #16: 65

C109:
Route #1: 90 76 78 81 71 70 73 85 88 89
Route #2: 32 33 31 42 44 46 45 48 51 49 69
Route #3: 18 13 17 19 15 16 14 12 1
Route #4: 24 25 27 29 30 28 26 23 22 75 2 47
Route #5: 96 98 95 94 92 93 97 100 99 4
Route #6: 7 3 5 41 40 52 50 91 21
Route #7: 54 57 55 53 72 74 61 64 66
Route #8: 20 43 87 86 83 82 84 6 68
Route #9: 10 8 11 9 80 77 79
Route #10: 63 65 67 62 56 58 60 59 36
Route #11: 37 35 38 39 34

C201:
Route #1: 82 76 70 73 79 81 78 90 87
Route #2: 24
Route #3: 30
Route #4: 19 16 14 12 15 17 9 11 10 8 21 96
Route #5: 27
Route #6: 23 18 25 80 77
Route #7: 32 33 31 35 37 38 39 36 34 28 26 48
Route #8: 22
Route #9: 13 43 42 41
Route #10: 20
Route #11: 5
Route #12: 93
Route #13: 6 68 49 55 54 53 56 58 60 59 57 40 46 45 51 50 52 47
Route #14: 63 67
Route #15: 75
Route #16: 29 64 66 69 65 89 91 88 84 86 83 85 71
Route #17: 2
Route #18: 62 74
Route #19: 72
Route #20: 61 44
Route #21: 1
Route #22: 99 100 97 94 95 98 3 4
Route #23: 7
Route #24: 92

C202:
Route #1: 20 22 24 27 30 38 39 36 28 23 18 19 15 13 9 94 95 98 3 85 82
Route #2: 62 66 69 68 65 49 55 54 53 56 58 76 70 37 26 2 1 7 83 91 5
Route #3: 63 93 99 100 97 92 4 89 88 84 86 14 17 25 12 75 96 72 21 59
Route #4: 74 33 35 34 48 50 52 31 51 43 42 41 78 77 90 87
Route #5: 73 81 8
Route #6: 46 45 47 79 11 10
Route #7: 67 61 64 6 32 60 57 71 80
Route #8: 40 44 16
Route #9: 29

C203:
Route #1: 53 56 58 40 76 70 80 37 28 26 19 16 14
Route #2: 22 93 99 100 88 84 18 12 1 97 94 95 98 7 3 89 2 5 75 21 29 24
Route #3: 38 39 36 23 15 13 34 32 31 51 57 54 60 50
Route #4: 45 20 47 46 59 52 43 61 72 48 63 96
Route #5: 92 4 91 86 73 71 81 85 82 83 90 77 87
Route #6: 25 9 11 10 8
Route #7: 62 27 30 33 35 65 49 55 79 78
Route #8: 67 64 66 69 68 42 41
Route #9: 44 17
Route #10: 74 6

C204:
Route #1: 49 87 63
Route #2: 23 39 28 26 18 19 14 16 12 17 30 27 29 6 36 37 35
Route #3: 4 34 33 31 32 24 22 21 10 5 93 75 2 97 94 95 98 1 90 96
Route #4: 67 20 48 43 60 56 59 54 57 40 46 45 51 50 47 41 42 68 65 64 61 66 80 73 70 71 81 85 78 82 83 86 72
Route #5: 25 52 88 91 89 3 7
Route #6: 13 11 8 77
Route #7: 62 74 99 100 15 9 79
Route #8: 69 92 84 76
Route #9: 44
Route #10: 38 53 58
Route #11: 55

C205:
Route #1: 1 97 100 94 95 98 4 3 91 88 84 83 76 70 73 79 78 81 90 77 87
Route #2: 20
Route #3: 26 18 16 14 12 15 17 25 9 11 10 8 21 48 96
Route #4: 22
Route #5: 24
Route #6: 6 32 33 31 35 37 38 39 36 34 28 23 19 13 80 41 43 42
Route #7: 67
Route #8: 27
Route #9: 63
Route #10: 93 5 7 89 86 85 82 71 51 50 52 47
Route #11: 30
Route #12: 62 74 72 68 65 49 55 53 56 58 60 59 57 40 44 45 46
Route #13: 29
Route #14: 75
Route #15: 61 64 66 69 54
Route #16: 2
Route #17: 99 92

C206:
Route #1: 22 5 7 4 3 89 88 83 85 70 71 78 77 96 8 90 21
Route #2: 24 27 30 32 33 31 35 38 39 34 28 23 13 25 17 9 10 11 87 48
Route #3: 63 72 74 65 49 55 56 57 60 40 80 79 81 41 43 42
Route #4: 67 92 97 100 98 95 94 91 86 84 82 76 73 50 51 52 47
Route #5: 26 18 19 12 16 14 15 45
Route #6: 93
Route #7: 75
Route #8: 2
Route #9: 20 61 69 68 54 58 59 44 46
Route #10: 62 1 6 29 66 64 53 37 36
Route #11: 99

C207:
Route #1: 65 69 68 49 54 53 59 44 40 70 73 50 21 8 9 11 25 77 78 96
Route #2: 63
Route #3: 4 91 88 83 46 85 80 81 41 52 48 90 10 87
Route #4: 5 2 100 95 94 19 18 16 14 26 28 23 15 12 17 13 51 47 43 42
Route #5: 93 1 99 27 97 92 98 89 39 38 36 34 60 57 45 76 71 79
Route #6: 86 84 82
Route #7: 74
Route #8: 24
Route #9: 67
Route #10: 22 20 72 61 66 29 6 32 33 31 35 37 56 58
Route #11: 30
Route #12: 75 64 62 55 7 3

C208:
Route #1: 13 15 12 17 25 10 11 9 90 78 77
Route #2: 20 72 62 67 64 66 74 76 70 73 71 85 79 80 81 87 8 21 96 48
Route #3: 22 27 24 6 32 33 31 35 37 38 36 39 34 28 26 23 18 19 16 14 46 45 51 50 52 47 43 41 42
Route #4: 2 97 100 92 94 95 98 7 3 4 89 91 86 84 88 83 82 59 57 40 44
Route #5: 5 99 1 75 93 63 69 68 65 49 55 54 53 56 58 60
Route #6: 30 29 61