C104

Route #1: 20 24 25 27 29 30 28 26 23 22 21
Route #2: 67 65 63 62 74 72 61 64 68 66 69
Route #3: 90 87 86 83 82 84 85 88 89 91
Route #4: 43 42 41 40 44 46 45 48 51 50 52 49 47
Route #5: 31 35 37 38 39 36 34 33 32
Route #6: 13 15 12 14 16 19 18 17
Route #7: 98 96 95 94 92 93 97 100 99
Route #8: 57 55 54 53 56 58 60 59
Route #9: 5 3 7 8 10 11 9 6 4 2 1 75
Route #10: 81 78 76 77 79 80 73 70 71
Time: 422.32
Vehicle: 10
Distance: 840.9726494532312
-----------------------------------------------

C105

Route #1: 57 55 54 53 56 58 60 59
Route #2: 90 87 86 83 82 84 85 88 89 91
Route #3: 20 24 25 27 29 30 28 26 23 22 21
Route #4: 98 96 95 94 92 93 97 100 99
Route #5: 81 78 76 71 70 73 77 79 80
Route #6: 67 65 63 62 74 72 61 64 68 66 69
Route #7: 43 42 41 40 44 46 45 48 51 50 52 49 47
Route #8: 32 33 31 35 37 38 39 36 34
Route #9: 5 3 7 8 10 11 9 6 4 2 1 75
Route #10: 13 17 18 19 15 16 14 12
Time: 424.71
Vehicle: 10
Distance: 828.9368669428337
-----------------------------------------------

C108

Route #1: 90 87 86 83 82 84 85 88 89 91
Route #2: 13 17 18 19 15 16 14 12
Route #3: 81 78 76 71 70 73 77 79 80
Route #4: 98 96 95 94 92 93 97 100 99
Route #5: 20 24 25 27 29 30 28 26 23 22 21
Route #6: 67 65 63 62 74 72 61 64 68 66 69
Route #7: 43 42 41 40 44 46 45 48 51 50 52 49 47
Route #8: 57 55 54 53 56 58 60 59
Route #9: 32 33 31 35 37 38 39 36 34
Route #10: 5 3 7 8 10 11 9 6 4 2 1 75
Time: 413.43
Vehicle: 10
Distance: 828.9368669428337
-----------------------------------------------

C109

Route #1: 98 96 95 94 92 93 97 100 99
Route #2: 20 24 25 27 29 30 28 26 23 22 21
Route #3: 43 42 41 40 44 46 45 48 51 50 52 49 47
Route #4: 90 87 86 83 82 84 85 88 89 91
Route #5: 67 65 63 62 74 72 61 64 68 66 69
Route #6: 13 17 18 19 15 16 14 12
Route #7: 32 33 31 35 37 38 39 36 34
Route #8: 81 78 76 71 70 73 77 79 80
Route #9: 57 55 54 53 56 58 60 59
Route #10: 5 3 7 8 10 11 9 6 4 2 1 75
Time: 382.33
Vehicle: 10
Distance: 828.9368669428337
-----------------------------------------------

C204

Route #1: 93 5 75 2 1 99 100 97 92 94 95 98 7 3 4 89 91 88 84 83 82 85 76 71 70 73 80 79 81 78 77 86 90
Route #2: 67 63 62 74 66 69 65 49 55 54 53 56 58 60 59 57 40 44 46 68 64 61 72 96 87
Route #3: 20 22 24 27 29 30 26 28 34 36 39 38 37 35 31 33 32 6 52 50 51 45 42 41 43 47 48
Route #4: 21 23 17 18 19 16 14 12 15 13 25 9 11 10 8
Time: 638.52
Vehicle: 4
Distance: 654.4723978301645
-----------------------------------------------

C205

Route #1: 93 5 75 2 1 99 100 97 92 94 95 98 7 3 4 89 91 88 86 84 83 82 85 76 71 70 73 80 79 81 78 77 96 87 90
Route #2: 67 63 62 74 72 61 64 66 69 68 65 49 55 54 53 56 58 60 59 57 40 44 46 45 51 50 52 47 43 42 41 48
Route #3: 20 22 24 27 30 29 6 32 33 31 35 37 38 39 36 34 28 26 23 18 19 16 14 12 15 17 13 25 9 11 10 8 21
Vehicle: 3
Distance: 588.8759626534237
-----------------------------------------------

C206

Route #1: 93 5 75 2 1 99 100 97 92 94 95 98 7 3 4 89 91 88 86 84 83 82 85 76 71 70 73 80 79 81 78 77 96 87 90
Route #2: 67 63 62 74 72 61 64 66 69 68 65 49 55 54 53 56 58 60 59 57 40 44 46 45 51 50 52 47 42 41 43 48
Route #3: 20 22 24 27 30 29 6 32 33 31 35 37 38 39 36 34 28 26 23 18 19 16 14 12 15 17 13 25 9 11 10 8 21
Vehicle: 3
Distance: 588.4928487625538
-----------------------------------------------


C208

Route #1: 93 5 75 2 1 99 100 97 92 94 95 98 7 3 4 89 91 88 86 84 83 82 85 76 71 70 73 80 79 81 78 77 96 87 90
Route #2: 20 22 24 27 30 29 6 32 33 31 35 37 38 39 36 34 28 26 23 18 17 19 16 14 12 15 13 25 9 11 10 8 21
Route #3: 67 63 62 74 72 61 64 66 69 68 65 49 55 54 53 56 58 60 59 57 40 44 46 45 51 50 52 47 42 41 43 48
Vehicle: 3
Distance: 588.323800657399
-----------------------------------------------

R101

Route #1: 40 53 26
Route #2: 36 64 90 66
Route #3: 5 61 84 60
Route #4: 14 44 38 43
Route #5: 83 82 7 8 46 17
Route #6: 95 98 16 86 91 100
Route #7: 72 75 22 56 74
Route #8: 28 29 78 54 24 80
Route #9: 59 99 85 37 93
Route #10: 39 23 67 55 4 25
Route #11: 2 21 73 41 97 13
Route #12: 33 81 50 1
Route #13: 92 42 15 87 57 58
Route #14: 12 76 79 3 68 77
Route #15: 52 18 6 89
Route #16: 65 71 9 34 35
Route #17: 63 62 11 10
Route #18: 45 47 19 49 48
Route #19: 31 88 94 96
Route #20: 27 69 30 51 20 32 70
Vehicle: 20
Distance: 1699.3731996895142
-----------------------------------------------

R102

Route #1: 31 62 88 8 46 60 89
Route #2: 63 64 90 10
Route #3: 36 47 18
Route #4: 92 37 98 91 16 86 85 97 13
Route #5: 42 15 41 74
Route #6: 27 69 30 81 20 32 70
Route #7: 40 53
Route #8: 50 33 51 9 35 3 77
Route #9: 28 29 78 34 68
Route #10: 21 72 73 22 75 56 4
Route #11: 83 45 61 84 17 5 93
Route #12: 96 99 6
Route #13: 1 65 71 66
Route #14: 94 95 87 57 2 58
Route #15: 76 79 54 24 80 12
Route #16: 52 7 11 19 49 48 82
Route #17: 26 39 23 67 55 25
Route #18: 14 44 38 43 100 59
Time: 415.15
Vehicle: 18
Distance: 1513.707766125372
-----------------------------------------------

R103

Route #1: 36 64 49 63 90 32 70
Route #2: 52 88 84 17 61 5
Route #3: 26 39 23 67 56 4 54
Route #4: 40 53 58
Route #5: 87 13
Route #6: 42 43 15 41 57 2 97 37 98 93
Route #7: 1 31 62 11 19 10
Route #8: 51 65 71 9 35 34 29
Route #9: 92 85 91 44 38 86 16 14 100 95
Route #10: 76 79 3 68 80 12
Route #11: 83 45 8 46 47 48 82 7
Route #12: 94 96 59 99 6 60 18 89
Route #13: 50 33 78 24 55 25
Route #14: 21 73 72 75 22 74
Route #15: 27 69 30 20 66 81 77 28
Time: 430.95
Vehicle: 15
Distance: 1316.1827836624811
-----------------------------------------------

R112

Route #1: 82 7 46 36 47 48 8 45 17 60
Route #2: 27 88 62 11 19 49 64 63 10
Route #3: 21 73 72 75 56 23 67 39 25 55 4
Route #4: 28 51 81 33 79 3 29 24 54 26
Route #5: 53 40 74 22 41 15 43 13 58
Route #6: 69 31 90 32 66 20 30 70 1
Route #7: 61 86 16 91 85 92 94 6 80 68
Route #8: 52 18 83 84 5 99 93 98 37 59 96 89
Route #9: 95 2 57 42 87 97 44 38 14 100
Route #10: 12 76 78 34 35 65 71 9 50 77
Time: 397.11
Vehicle: 10
Distance: 1083.181862791438
-----------------------------------------------

R201 (*)

Route #1: 27 31 63 64 11 19 62 88 18 7 90 10
Route #2: 28 33 65 71 9 51 81 79 78 34 20 66 35 32 48 17 91 100 58
Route #3: 2 72 39 67 23 75 73 40 53 87 57 41 22 56 55 54 26
Route #4: 95 59 92 98 85 99 6 94 13 74 4 25 24 80
Route #5: 82 36 47 52 69 30 70 1
Route #6: 21 12 29 76 50 3 68 77
Route #7: 83 45 5 42 15 14 38 44 16 61 86 84 8 49 46 96 97 43 37 93 60 89
Time: 444.13
Vehicle: 7
Distance: 1299.1821837490018
-----------------------------------------------

R202

Route #1: 31 63 64 11 19 62 88 30 90 10 20 66 32 70
Route #2: 6 99 5 84 17 60 85 91 100 37 98 93 59 96 89
Route #3: 83 45 36 47 8 18 82 48 49 46 7 52
Route #4: 26 39 67 23 72 73 40 53 87 57 41 22 75 56 74 4 55 25 21 2 58
Route #5: 28 33 65 71 9 51 81 79 78
Route #6: 27 69 1 50 3 29 76 68 54 24 34 35 77 80 12
Route #7: 94 95 92 42 15 14 38 44 16 61 86 43 97 13
Time: 526.99
Vehicle: 7
Distance: 1127.724584369745
-----------------------------------------------

R203

Route #1: 50 33 65 66 71 35 34 29 24 80 12
Route #2: 27 69 31 62 11 64 49 19 63 90 32 10 70 20 51 1
Route #3: 52 7 88 30 76 79 78 9 81 3 68 77 28
Route #4: 94 95 92 97 42 15 43 14 44 38 86 16 85 99 96 6 13
Route #5: 53 40 73 74 58
Route #6: 89 18 82 48 47 36 46 45 8 83 60 5 84 17 61 91 100 37 98 93 59
Route #7: 21 72 39 67 23 41 57 87 2 22 75 56 4 55 25 54 26
Time: 426.96
Vehicle: 7
Distance: 941.6610008123448
-----------------------------------------------
R207

Route #1: 26 54 39 72 73 2 57 42 87 40 53 28 76 3 79 78 34 29 24 55 25 4
Route #2: 94 95 92 37 91 44 38 14 43 15 41 22 23 67 56 75 74 21 58
Route #3: 27 69 33 81 65 20 30 31 52 18 60 5 99 96 6 1 51 9 35 71 66 32 90 10 70 50 77 68 80 12
Route #4: 89 83 45 46 36 19 7 88 62 11 63 64 49 47 48 82 8 84 17 86 16 61 85 100 98 93 59 97 13
Time: 613.33
Vehicle: 4
Distance: 912.9194751645603
-----------------------------------------------

RC104

Route #1: 69 98 53 55
Route #2: 12 10 11 15 16 13 17 47 14
Route #3: 80 50 33 32 30 28 26 27 29 31 34
Route #4: 91 56 51 76 89 63 85 95
Route #5: 61 70 1 3 5 45 8 46 4 2 100
Route #6: 96 94 93 71 72 54 81
Route #7: 82 9 87 59 74 86 52 65
Route #8: 92 62 67 84 20 49 22 24 64 66
Route #9: 68 6 7 79 73 78 60 88
Route #10: 90 99 97 75 58 77
Route #11: 19 18 48 21 23 25 57 83
Route #12: 42 44 43 38 37 35 36 40 39 41
Time: 383.42
Vehicle: 12
Distance: 1218.2617340126917
-----------------------------------------------
RC105

Route #1: 90 53 55 68
Route #2: 19 23 21 48 18 77
Route #3: 95 33 27 29 31 34 94
Route #4: 99 57 83 66
Route #5: 42 44 40 43 35 37
Route #6: 88 79 6 7 100
Route #7: 71 67 84 56 91 80
Route #8: 92 62 30 28 26 32 50 93
Route #9: 12 14 47 15 16 9 74
Route #10: 82 11 10 13 17
Route #11: 51 76 63 89 85
Route #12: 65 52 86 87 59 97 75 58
Route #13: 69 98 78 73 60
Route #14: 61 81 54 96
Route #15: 2 45 3 1 5 8 46 4 70
Route #16: 72 39 36 38 41
Route #17: 64 22 20 49 25 24
Time: 384.57
Vehicle: 17
Distance: 1638.2163029734827
-----------------------------------------------
RC106

Route #1: 69 98 88 79 73 78 60 55
Route #2: 65 52 86 75 58 77 74
Route #3: 14 47 16 15 11 12 53
Route #4: 82 87 59 97 9 10 13 17
Route #5: 33 30 28 26 27 32
Route #6: 92 67 29 31 34 50
Route #7: 2 5 45 6 7 8 46 4 3 1 100
Route #8: 23 21 18 19 49 20 22 24 25 48
Route #9: 90 99 57 66 68 70
Route #10: 42 44 40 36 35 37 43
Route #11: 83 64 51 84 91 80
Route #12: 72 39 38 41 61 81
Route #13: 95 62 85 63 76 89 56
Route #14: 94 71 93 96 54
Time: 380.7
Vehicle: 14
Distance: 1470.9573756539687
-----------------------------------------------
RC108

Route #1: 82 11 15 16 12 53 10 9 13 14
Route #2: 69 99 52 86 87 59 97 75 58 74
Route #3: 64 51 76 89 63 85 84 56 91 80
Route #4: 81 41 38 72 54 96
Route #5: 83 24 22 21 48 18 19 49 20 66
Route #6: 2 6 7 79 73 78 17 47 60
Route #7: 33 32 30 28 26 27 29 31 34
Route #8: 71 93 94 67 50 62 95 92
Route #9: 90 65 57 77 23 25
Route #10: 98 88 8 46 4 45 5 3 1 70 100 55
Route #11: 61 42 44 43 40 36 35 37 39 68
Time: 405.75
Vehicle: 11
Distance: 1219.8892262606726
-----------------------------------------------

RC204

Route #1: 80 92 62 50 34 31 29 27 26 28 30 32 33 89 76 63 85 51 84 91
Route #2: 64 20 23 25 21 48 18 19 49 22 24 83
Route #3: 94 67 95 56 66 99 82 98 88 2 8 46 45 4 6 60 12 13 59 97 75 58 77 57 65
Route #4: 69 10 11 15 16 17 47 14 9 87 74 86 52 90
Route #5: 81 54 72 41 44 43 40 36 35 37 38 39 42 1 3 5 7 79 73 78 53 55 100 70 68 61 96 71 93
Time: 567.75
Vehicle: 5
Distance: 936.2016858364298
-----------------------------------------------
RC205

Route #1: 69 98 11 15 16 47 14 12 82 99 52 86 87 59 75 97 13 17 60 100 70
Route #2: 65 64 19 23 21 18 76 51 84 85 89 56 66
Route #3: 92 62 67 71 81 90 83 57 22 20 49 24 74 77 58 25 48
Route #4: 2 45 5 8 79 73 78 7 6 46 4 3 1
Route #5: 42 44 61 88 53 9 10 55 68
Route #6: 72 39 36 40 38 41 43 35 37 54 93 96
Route #7: 95 63 33 30 27 28 26 29 31 32 34 50 94 91 80
Time: 442.71
Vehicle: 7
Distance: 1277.7186318481595
-----------------------------------------------
RC207

Route #1: 95 67 62 33 30 31 29 27 28 26 32 34 50 92 91
Route #2: 81 61 42 44 40 36 35 37 38 39 43 41 54 96
Route #3: 72 71 93 94 80 90
Route #4: 82 53 12 11 15 16 75 59 87 74 86 57 22 24 20 48 89 56 66
Route #5: 65 99 52 83 64 51 84 85 63 76 21 18 19 49 23 25 77 58 97 9 13 17 10
Route #6: 69 98 88 78 14 47 73 79 7 6 2 8 5 3 1 45 4 46 60 55 100 70 68
Time: 451.36
Vehicle: 6
Distance: 1018.3232581889124
-----------------------------------------------
RC208

Route #1: 69 98 88 2 6 8 7 79 73 78 12 14 47 17 16 15 11 13 97 75 59 87 9 10 53 60 55
Route #2: 92 95 84 85 63 89 76 51 62 67 50 33 32 30 31 29 28 26 27 34 93 94 96 54
Route #3: 90 65 82 99 52 83 64 20 22 24 49 19 18 48 21 23 25 77 58 74 86 57 66 56 91 80
Route #4: 81 71 72 41 39 38 37 35 36 40 43 44 42 61 70 4 46 45 5 3 1 100 68
Time: 651.93
Vehicle: 4
Distance: 837.9265978573875
-----------------------------------------------

r1_2_2

Route #1: 132 14 18 1 165 69 134
Route #2: 158 3 86 131 160 79 172 197
Route #3: 157 93 199 135 147 141 151 125 39 97 45
Route #4: 145 192 53 2 8 162 170 122 42
Route #5: 63 44 68 66 50 11 130 117 49 180 61 75
Route #6: 196 59 32 38 84 90 138 101 154
Route #7: 55 41 137 64 109 28 80 182 91
Route #8: 120 176 156 139 78 187 185 121 112
Route #9: 57 95 173 83 52 24
Route #10: 168 123 21 126 148 113 81
Route #11: 73 30 34 98 62 194 142 128 40 119
Route #12: 106 85 191 94 12 47 82 198
Route #13: 46 164 54 114 19 178 23 22 174 74 108
Route #14: 146 161 115 16 171 169
Route #15: 4 15 71 193 186 144 129 70 107
Route #16: 140 13 104 100 136 159 10
Route #17: 92 48 76 17 200
Route #18: 124 181 111
Route #19: 188 184 153 166 33 167 179 190 72 56
Route #20: 175 9
Route #21: 149 37 89 29 96 43 65 110
Route #22: 155 67 36 5 133 27 195 25 116 150 7
Route #23: 51 26 143 31 103
Route #24: 20 163 6 189 177 102 77 127 58
Route #25: 87 35 118 152 88 183 99 60 105
Time: 1628.92
Vehicle: 25
Distance: 4476.580066140221
-----------------------------------------------
rc1_2_4

Route #1: 174 97 58 191 113 176 69 105 127 13 76 34 175
Route #2: 30 87 88 17 11 71 64
Route #3: 165 85 45 56 108 38 32 114 194 158
Route #4: 181 122 35 77 164 104 25 10 193 19 170 146
Route #5: 29 173 86 74 101 53 192 160 189 125 128
Route #6: 188 157 109 99 168 94 151 112 50 107
Route #7: 150 163 28 6 49 14 79 162 78 132 171 187
Route #8: 82 139 59 143 117 23 52 31 106 70 22
Route #9: 169 126 27 51 145 148 80 190 184
Route #10: 131 196 183 18 68 44 83 95 116 7 179
Route #11: 154 166 21 81 55 129 41 195
Route #12: 24 156 102 15 90 103 200 93 73 149 63 39 47
Route #13: 153 48 43 3 36 178 110 124 180 136
Route #14: 134 84 8 60 1 2 185 141 26 20 186
Route #15: 142 152 167 91 111 198 61 98 119 182
Route #16: 4 92 57 133 147 40 16 161 72
Route #17: 96 42 172 197 5 62 159 46 138 135 120 130
Route #18: 54 100 37 12 9 66 89 140 67
Route #19: 199 75 118 137 123 144 115 121 155 65 177 33
Time: 1264.33
Vehicle: 19
Distance: 3209.7743368207002
-----------------------------------------------
rc1_2_5

Route #1: 89 139 188 29 21 166 82
Route #2: 49 14 47 200 103 90 44 95 83 39
Route #3: 24 102 183 15 179 18 68 7 110 178
Route #4: 173 177 128 125 189 109 115 121
Route #5: 153 28 6 132 78 171 130 187
Route #6: 84 199 127 118 137 123 13 8 1 60 75
Route #7: 9 12 65 168 99 94 151 160 112 157
Route #8: 54 155 144 71 11 30 64 67
Route #9: 172 5 62 26 159 46 138 96
Route #10: 182 57 133 147 40 119 98 16 106 70
Route #11: 140 87 17 174 34 76 2 175
Route #12: 4 92 195 41 79 73 93 193 19 146
Route #13: 156 196 190 167 27 61 198 126 80 36
Route #14: 42 197 181 164 104 25 35 122 77 10 141 185
Route #15: 131 48 180 124 43 3 136 150
Route #16: 163 162 63 149 170 20 186 135 120
Route #17: 88 105 69 176 113 191 58 134 97
Route #18: 165 85 56 32 38 108 45 114 86 81 107
Route #19: 72 161 22 129 194 158 154
Route #20: 169 152 184 51 111 91 145 116 148
Route #21: 142 31 52 117 23 74 55
Route #22: 100 37 59 143 53 101 192 50 33 66
Time: 1537.1
Vehicle: 22
Distance: 3765.7578935114757
-----------------------------------------------
r1_2_3

Route #1: 35 112 183 13 104 100 136 159 10
Route #2: 4 15 151 110 37 39 108
Route #3: 91 41 109 28 80 182 75
Route #4: 145 2 76 53 192 111
Route #5: 106 65 94 12 22 23 178 19 114 74 105
Route #6: 57 198 95 77 127 58 47 82 174
Route #7: 55 150 137 68 25 116 7
Route #8: 69 1 134 149 119
Route #9: 175 184 71 144 186 179 190
Route #10: 46 164 54 125 89 29 96
Route #11: 73 30 34 62 194 142 128 200
Route #12: 87 154 92 48 187 78 139 168 185 103
Route #13: 155 67 36 160 86 49 117 61 180 195 27 133 64
Route #14: 56 167 153 193 33 166 9
Route #15: 132 14 18 79 158 172 148 113 31 81
Route #16: 20 98 163 6 189 177 102 173
Route #17: 156 51 26 126 21 123 181 101
Route #18: 196 59 32 90 38 84 118 152 88 99 60
Route #19: 157 93 199 135 147 107 72 188 70 129 191 85 43 141
Route #20: 63 44 5 3 130 11 131 66 50 197
Route #21: 16 115 162 171 170 17 40 121
Route #22: 140 97 83 138 52 45 24
Route #23: 120 143 176 165 124 169 161 122 8 42 146
Time: 1603.66
Vehicle: 23
Distance: 3913.737131587535
-----------------------------------------------
r1_2_1

Route #1: 149 81 113 31 185 169 101 119
Route #2: 87 115 16 162 171 122 53 192 42
Route #3: 158 36 133 195 130 11 49 27 61
Route #4: 63 44 3 5 160 180 28 75
Route #5: 112 121 118 88 183
Route #6: 7 41 56 164
Route #7: 20 163 6 189 177 102
Route #8: 155 18 14 79 172 197
Route #9: 57 173 100 159 10 198 108
Route #10: 55 67 150 137 68 25 116 91
Route #11: 157 93 199 135 80 64 109 182 107
Route #12: 1 51 26 143 176 165 124 103 154
Route #13: 140 13 104 95 23 22 47 82
Route #14: 106 85 94 12 19 178 39 37 96 174 97
Route #15: 161 92 48 139 187 170 78 105
Route #16: 132 38 84 90 83 52 24
Route #17: 152 99 62 194 142 40 128
Route #18: 145 35 146 181 111
Route #19: 147 153 166 193 33 167 70
Route #20: 168 123 21 126
Route #21: 2 8 76 17 200 59
Route #22: 4 188 15 175 9
Route #23: 46 54 151 129 141 191 110
Route #24: 196 30 34 98 136 58 127 77
Route #25: 73 60 32 138 29 65 43
Route #26: 117 86 131 156 148
Route #27: 72 184 71 144 186 179 190
Route #28: 120 50 66 69 134
Route #29: 89 125 114 74 45
Time: 1695.29
Vehicle: 29
Distance: 5245.189435741546
-----------------------------------------------
rc1_2_7

Route #1: 142 152 184 51 111 91 145 80 126 70
Route #2: 163 28 6 78 132 63 149 162 171 150 187
Route #3: 49 14 10 104 25 170 2 34 76 60 1 175
Route #4: 136 180 124 43 3 79 120 96
Route #5: 153 47 200 103 93 73 19 193 141 185 146
Route #6: 84 199 127 105 118 137 13 8 97
Route #7: 140 87 144 71 11 123 75 30 64 67
Route #8: 89 9 12 109 160 189 125 128 115 121
Route #9: 42 197 5 62 26 20 138 186 130
Route #10: 54 155 88 69 176 113 191 58 134 17 174
Route #11: 166 29 188 143 59 139 21 86 81 107 82
Route #12: 57 133 147 40 167 27 190 22 41
Route #13: 4 92 182 16 98 119 161 72
Route #14: 48 131 156 102 18 179 7 110 178 36
Route #15: 37 177 65 168 99 94 151 53 192 101 107
Route #16: 100 173 165 85 45 114 56 112 50 157
Route #17: 172 46 159 122 77 164 35 181 135
Route #18: 24 196 183 15 68 90 44 116 95 83 148
Route #19: 169 61 198 106 129 55 194 158 154
Route #20: 195 108 38 32 23 31 52 74 117 33 66 39
Time: 1521.55
Vehicle: 20
Distance: 3813.480163669064
-----------------------------------------------
r1_2_10

Route #1: 7 55 150 68 44 44 158 172 79 197
Route #2: 123 26 21 51 126 156
Route #3: 89 106 125 151 129 33 186 144 179 190 167 70
Route #4: 14 18 120 176 143 31 113 185 148
Route #5: 38 163 136 95 177 6 189 102 10 83
Route #6: 73 60 32 90 138 52 45 97
Route #7: 94 65 96 29 37 110
Route #8: 114 12 19 178 23 58 127 77 198
Route #9: 63 50 66 131 86 11 130 49 61
Route #10: 196 196 152 30 34 88 99 183 128 40 200 105
Route #11: 41 80 64 133 180 195 27 28 75 91
Route #12: 146 161 48 169 181 124 103 154
Route #13: 149 81 1 165 134 69 119
Route #14: 46 54 85 191 43 141 164
Route #15: 87 8 171 162 115 16 2 17 76 122 42
Route #16: 132 155 67 137 36 5 3 117 160 25 116
Route #17: 57 173 100 159 104 84 39 74 22 47 82 174 108
Route #18: 92 168 139 187 78 170
Route #19: 35 145 112 121 53 192 111 101
Route #20: 157 72 147 135 93 199 109 182 107
Route #21: 4 188 15 184 166 153 71 193 56 175 9
Route #22: 140 13 20 98 142 194 62 118 59 24
Time: 1080.94
Vehicle: 22
Distance: 3838.202390356621
-----------------------------------------------

rc1_2_6

Route #1: 42 181 164 104 35 77 122 141 185
Route #2: 172 197 5 62 26 159 138 186 135 120 39
Route #3: 162 63 149 170 25 10 193 19 146
Route #4: 89 29 188 173 106 22 70 158 154
Route #5: 100 37 139 139 21 166 107 81 55 82
Route #6: 153 180 124 43 136 3 178 36
Route #7: 165 85 112 109 189 33 66 30 67
Route #8: 84 199 127 118 137 123 13 8 1 60 75
Route #9: 48 131 196 183 18 68 44 95 83
Route #10: 54 9 12 155 144 71 87 121 17
Route #11: 45 56 108 38 32 74 114 86 194
Route #12: 92 57 40 16 98 119 161 72
Route #13: 142 169 152 167 184 190 27 51 80 126
Route #14: 47 200 103 20 46 2 76 34 175
Route #15: 140 88 105 69 176 113 191 58 134 174 97 64
Route #16: 24 156 102 15 179 7 110 90 79 73 93 96
Route #17: 163 28 6 49 14 132 78 171 130 187 150
Route #18: 182 61 198 111 91 145 116 148
Route #19: 4 195 133 147 31 117 23 52 129 41
Route #20: 143 177 128 99 94 151 160 125 115 11
Route #21: 59 65 168 53 101 192 50 157
Time: 1524.3
Vehicle: 21
Distance: 3823.5713952423034
-----------------------------------------------
c1_2_9

Route #1: 78 155 175 13 43 2 90 67 39 107
Route #2: 73 116 129 11 6 139 122 167 34
Route #3: 114 159 38 150 22 151 16 140 187 142 111 63 56
Route #4: 133 48 134 170 153 169 89 105 15 28 74
Route #5: 93 55 135 58 184 199 37 81 137 183
Route #6: 30 120 19 192 196 97 96 130 149
Route #7: 26 40 152 14 198 59
Route #8: 20 41 85 80 31 25 172 77 110 162
Route #9: 21 23 182 75 163 194 145 195 52 92
Route #10: 45 27 173 154 24 61 100 64 179 109
Route #11: 118 83 143 176 36 33 121 108
Route #12: 12 164 66 147 160 47 91
Route #13: 177 3 88 8 186 127 98 157 138
Route #14: 32 171 65 86 115 94 51 174 136 189
Route #15: 161 104 18 54 185 132 7 181 117 49 53
Route #16: 101 144 119 166 35 126 71 9 1 99
Route #17: 57 60 82 180 84 191 125 4 72 165 188
Route #18: 178 50 156 112 168 79 29 87 42 123
Route #19: 62 131 44 102 146 68 76
Route #20: 148 103 197 124 141 69 200 70
Route #21: 113 190 5 10 193 46 128 106 95 158 17
Time: 1665.26
Vehicle: 21
Distance: 2878.187373347042
-----------------------------------------------
c1_2_8

Route #1: 113 155 78 175 13 43 2 90 67 17 39 107
Route #2: 101 144 119 166 35 126 71 9 1 99 53
Route #3: 48 170 134 50 156 112 168 79 42 123
Route #4: 190 5 10 193 46 128 106 95 158
Route #5: 73 164 66 147 160 47 91 70
Route #6: 148 103 197 124 141 69 200 110 162
Route #7: 32 171 65 86 115 94 51 174 136 189
Route #8: 21 23 182 75 163 194 145 195 52 92
Route #9: 20 41 85 80 31 25 172 77 29 87
Route #10: 135 104 18 54 185 132 7 181 117 49
Route #11: 118 83 143 176 36 33 121 165 188 108
Route #12: 178 133 26 40 152 14 153 169 89 105 15 198
Route #13: 114 159 38 150 22 151 16 140 187 142 111 63 56
Route #14: 57 60 82 180 84 191 125 4 72
Route #15: 161 177 3 88 8 186 127 98 157
Route #16: 93 55 58 184 199 37 81 138 137 183
Route #17: 116 12 129 11 6 122 139 167 34
Route #18: 30 120 19 192 196 97 96 130 59 28 74 149
Route #19: 62 131 44 102 146 68 76
Route #20: 45 27 173 154 24 61 100 64 179 109
Time: 1511.49
Vehicle: 20
Distance: 2873.934431503969
-----------------------------------------------
c1_2_6

Route #1: 50 156 112 168 79 29 87 42 123
Route #2: 30 120 19 192 196 97 28 74 149
Route #3: 32 171 65 86 115 94 51 174 136 189
Route #4: 114 135 184 199 81 137
Route #5: 170 134 153 40 169 89 105 15 59 198
Route #6: 101 144 119 166 35 126 71 9 1 99 53
Route #7: 62 131 44 102 146 151 140 16
Route #8: 45 178 27 173 154 24 61 100 64 179 109
Route #9: 113 155 78 175 13 43 2 90 67 17 39 107
Route #10: 164 66 147 160 47 91 70
Route #11: 190 5 10 193 46 128 106 167 34 95 158
Route #12: 159 38 150 22 68 76
Route #13: 148 103 197 124 141 69 200
Route #14: 60 82 180 84 191 125 4 72 165 188 108
Route #15: 161 104 18 54 185 132 7 181 117 49 183
Route #16: 133 48 26 152 14 96 130
Route #17: 57 118 83 143 176 36 33 121
Route #18: 20 41 85 80 31 25 172 77 110 162
Route #19: 177 3 88 98 157 187 142 111 63 56
Route #20: 73 116 12 129 11 6 122 139
Route #21: 93 55 58 8 186 127 37 138
Route #22: 21 23 182 75 163 194 145 195 52 92
Time: 1584.87
Vehicle: 22
Distance: 3107.114919146341
-----------------------------------------------
c1_2_7

Route #1: 116 12 129 47 11 6 122 139
Route #2: 60 82 180 84 191 125 4 72
Route #3: 21 182 75 163 194 145 195 52 42 123
Route #4: 101 144 119 166 35 126 71 9 1 99 53
Route #5: 170 134 50 156 112 168 79 29 87
Route #6: 177 3 88 8 186 127 98 157 138
Route #7: 57 118 83 143 176 7 181 117 49
Route #8: 190 5 10 193 46 128 106 167 34 95 158
Route #9: 148 103 197 124 141 69 200
Route #10: 133 48 26 152 40 153 169 89 105 198
Route #11: 73 13 43 36 33 121 165 188 108
Route #12: 30 120 23 92 15 59
Route #13: 32 171 65 86 115 94 51 174 136 189
Route #14: 114 159 38 150 22 151 16 140 187 142 111 63 56
Route #15: 62 131 44 102 146 68 76
Route #16: 113 155 78 175 2 90 67 17 39 107
Route #17: 93 55 135 58 184 199
Route #18: 161 104 18 54 185 132 37 81 137 183
Route #19: 20 41 85 80 31 25 172 77 110 162
Route #20: 45 178 27 173 154 24 179 109
Route #21: 164 66 147 160 91 70 61 100 64
Route #22: 19 192 196 97 14 96 130 28 74 149
Time: 1481.11
Vehicle: 22
Distance: 3146.423220404039
-----------------------------------------------

rc2_2_7

Route #1: 142 4 92 182 195 57 133 147 31 108 56 45 85 165 53 160 151 94 99 168 65 128 125 189 109 112 50 192 101 74 52 106 22 70 126 93 73 120 135 193 19 146 39
Route #2: 28 163 84 199 127 118 155 177 32 38 114 86
Route #3: 6 132 78 63 149 20 159 26 62 5 122 35 164 77 44 80 36
Route #4: 140 54 17 174 34 76 2 141 185 96 175
Route #5: 49 14 162 172 197 181 104 25 10 170 103 200 47 187 150 166 21 139 29 188 117 23
Route #6: 24 48 131 156 102 183 15 179 18 68 7 171 130 134 58 191 113 176 69 105 88 87 121 115 144 137 71 11 123 13 8 1 60 75 97
Route #7: 42 46 138 186 90 110 178 79
Route #8: 153 136 3 180 43 124 169 72 161 119 98 16 40 129 41 158 194 55 81 157 33 66 30 64 67
Route #9: 89 100 37 9 12 59 143 173 107 82 154
Route #10: 152 196 184 190 167 27 51 61 198 111 91 145 116 95 83 148
Time: 1876.02
Vehicle: 10
Distance: 3149.1485632434983
-----------------------------------------------
r2_2_1

Route #1: 74 100 104 106 82
Route #2: 199 120 49 37 160 155 140 1 72
Route #3: 168 184 191 200 145 122 107 138 55
Route #4: 119 71 197 44 193 27 68 141 84 64 83 109 12 110 2 190 97 52
Route #5: 23 41 77 139 103 88 195 15 51 172 59 29 147 9 129 125 185 101 42 115
Route #6: 79 66 142 133 17 17 16 89 174
Route #7: 45 8 26 90 166 157 58 22
Route #8: 56 116 47 65 152 118 43 19 78 180 123 130 198 93 10 46
Route #9: 151 21 32 13 124 70 70 113 25 87
Route #10: 18 67 60 102 196 75 69 186 96 80
Route #11: 95 194 6 40 128 38 7 187 156 114 24 136 86 99
Route #12: 34 4 165 3 144 111
Route #13: 158 149 28 108 76 188 182 54
Route #14: 164 183 181 150 57 5 173 50 126 154 171
Route #15: 167 48 178 146 159 127 112
Route #16: 73 91 161 11 105 85 163
Route #17: 62 192 36 33 35 177 94 134 63 135 170 14 176 98 189 121 20 30 153 169 53 148
Route #18: 61 143 31 132 92
Route #19: 131 179 137 117 162 81 175 39
Time: 1595.43
Vehicle: 19
Distance: 4374.654370314327
-----------------------------------------------
rc2_2_6

Route #1: 28 6 49 14 162 63 149 20 5 62 122 26 159 46 138 186 135 141 185 2 76 34 175
Route #2: 42 172 197 181 164 104 35 77 10 25 170 19 193 96 120
Route #3: 142 48 131 152 169 72 161 119 98 22 106 129 41 55 81 194 158 70 126
Route #4: 4 92 182 195 57 16 40 133 147 31 23 32 38 117 173 188 29 139 21 166 154
Route #5: 153 47 156 102 15 179 7 68 18 190 167 27 51 61 198 111 91 145 148 83 36
Route #6: 163 78 132 200 103 90 110 44 95 116 80 178 79 73 93 146 39
Route #7: 24 196 184 183 124 43 180 3 136 150 187 171 130
Route #8: 140 54 89 69 105 176 113 134 58 191 71 144 137 87 17 121 115 123 11 13 8 1 60 75 97 30 64 67
Route #9: 100 37 9 12 59 143 165 85 45 108 56 112 109 189 125 160 101 74 52 114 86 33 107 82 174
Route #10: 84 199 127 118 88 155 177 65 128 168 99 94 151 53 192 50 157 66
Time: 3625.65
Vehicle: 10
Distance: 2839.332525635716
-----------------------------------------------
rc2_2_4

Route #1: 150 6 132 149 120 20 35 164 104 25 170 19 193 10 77 122 181 141 185 197 5 62 26 159 46 138 186 135 172 42 96
Route #2: 24 169 72
Route #3: 140 54 89 100 37 139 188 21
Route #4: 142 136 48 131 156 102 196 184 152 126 167 27 61 198 91 111 145 51 190 80 148 116 95 83 44 90 103 146 93 73 200 79 14 49 153
Route #5: 155 115 121 30
Route #6: 182 161 119 57 133 147 40 16 98 22 70 106 129 41 195 158 194 154
Route #7: 130 171 78 162 63 39 180 124 183 15 179 18 68 7 110 178 36 43 3 47 28 163 187
Route #8: 64 134 58 191 113 84 199 127 105 69 176 8 60 1 76 2 34 175
Route #9: 66 9 12 59 143 173 165 85 45 56 108 38 32 23 117 114 86 81 107
Route #10: 4 92 55 31 52 74 101 53 192 160 151 94 99 168 128 65 177 125 189 109 112 50 157 33 29 166 82
Route #11: 67 17 87 88 71 11 144 123 137 118 75 13 97 174
Time: 3203.24
Vehicle: 11
Distance: 2231.7948239358634
-----------------------------------------------
r2_2_2

Route #1: 38 95 128 194 184 200 145 102 196 186 69 122 107 138 159 193 27 114 7 156 55 168
Route #2: 131 137 117 35 177 134 149 190 63 82 2 110 109 12 87 113 25 180 153 169 154 53 148
Route #3: 164 171 183 150 133 17 16 89 174 70 163
Route #4: 23 77 152 139 103 88 147 160 42 96
Route #5: 91 123 130 198 93 10 105
Route #6: 115 92 61 125 143 119 48 167 71 31 132 195 15 29 140 37 155
Route #7: 74 192 36 33 94 28 188 97 52
Route #8: 181 26 90 50 11 64 142 66 14 176 98 83 30 20 189 121 46 85
Route #9: 41 47 118 43 129 9 49 175 39
Route #10: 8 136 21 6 40 32 68 13 187 24
Route #11: 18 67 197 44 146 127 112 60 75 80
Route #12: 73 126 79 161 141 84 157 166 58 173 5 57 86 99
Route #13: 34 4 100 135 170 165 3 104 106 108 76 182 54
Route #14: 62 179 162 172 51 1 59
Route #15: 199 72 120 81 158 144 111
Route #16: 151 78 45 124 22
Route #17: 56 116 65 19 191 178 101 185
Time: 1362.95
Vehicle: 17
Distance: 3648.7743829102656
-----------------------------------------------
r2_2_3

Route #1: 151 68 21 187 24 136
Route #2: 100 182 177 35 94 149 134 76 188 108 54
Route #3: 34 74 192 36 190 104 135 170 109 12 110 30 20 83 25 87 113
Route #4: 111 144 158 106 2 63 82 3 4 165
Route #5: 95 159 193 6 40 27 32 13 114 7 156
Route #6: 96 38 107 128 194 197 44 127 146 122 200 145 102 60 69 186 196 138 55 168
Route #7: 77 152 43 140 155 139 29 147 160
Route #8: 45 8 91 66 123 130 198 93 10 105 169 148
Route #9: 115 92 61 125 143 42 119 184 75 78 133 17 73 14 176 98 189 121 46 85 180 153 70 163
Route #10: 80 18 67 185 71 167 178 48 101 112
Route #11: 99 181 26 90 50 141 84 157 166 173 5 57 22 86
Route #12: 65 19 118 129 103 88 15 195 132 31 191 124
Route #13: 164 171 183 150 58 89 79 161 11 64 142 126 16 174 154 53
Route #14: 131 62 179 81 175 172 9 37 59 1 51 120 49 72
Route #15: 23 41 116 47 56 199 137 117 162 28 97 33 52 39
Time: 1462.71
Vehicle: 15
Distance: 3282.729053941776
-----------------------------------------------
rc2_2_5

Route #1: 200 103 3 48 131 156 102 15 179 43 136 180 124 7 68 18 183 196 184 190 80 91 145 116 83 148
Route #2: 166 21 139 139 29 188 173 86 114 23 74 52 106 129 55 81 107 82
Route #3: 4 92 182 57 133 147 40 16 98 119 161 72 61 198 126 41 158 194 154
Route #4: 140 54 100 37 9 12 177 128 125 33 66
Route #5: 42 197 181 35 164 104 25 10 77 122 73 79
Route #6: 169 195 31 117 45 165 85 56 108 38 32 53 192 101 22 70
Route #7: 69 176 113 134 58 191 87 17 30 64 67
Route #8: 84 199 127 118 105 88 155 144 123 137 71 11 115 121 13 8 1 60 75 97
Route #9: 142 153 49 14 47 63 149 186 20 159 46 138 135 96 175
Route #10: 24 152 167 27 51 111 95 44 90 110 178 36
Route #11: 163 150 28 6 132 78 171 187 130 174 34 76 2 141 185 120
Route #12: 89 143 59 65 168 99 94 151 160 189 109 112 50 157
Route #13: 162 172 5 62 26 170 19 193 93 146 39
Time: 2071.88
Vehicle: 13
Distance: 3025.2639049960926
-----------------------------------------------

r2_2_7

Route #1: 23 41 47 56 199 116 65 19 118 129 140 139 103 88 29 147 160 195 15 155 59 1 51 120 49 72 39
Route #2: 99 8 26 90 157 166 66 64 11 161 141 84 50 173 58 86 183 53 148
Route #3: 62 35 177 134 149 33 158 82 63 2 104 106 94 28 144 111
Route #4: 151 57 5 150 78 181 171 164 154 174 17 133 89 16 73 176 98 83 30 20 189 121 46 14 85 180 153 25 87 113
Route #5: 126 91 105 130 198 93 10 123 142 79 169
Route #6: 131 162 117 137 81 175 172 37 9 77 92 75 69
Route #7: 163 70 170 135 110 109 12 165 4 3
Route #8: 184 191 48 101 71 185 31 132
Route #9: 34 74 192 36 190 182 100 54 76 108 188 97 179 52
Route #10: 80 18 67 60 102 145 200 44 127 146 13 32 114 124 45 22 55 168
Route #11: 115 61 125 152 43 143 42 119 178 167 194 128 95 40 6 21 187 7 38 107 138 156 136 24 68 27 193 159 197 112 122 196 186 96
Time: 2291.48
Vehicle: 11
Distance: 2827.8356746088766
-----------------------------------------------
c2_2_9

Route #1: 46 131 113 169 57 192 84 27 53 56 185 180 37 123 121 111 157 34 176 114 68
Route #2: 67 10 153 59 86 93 118 182 45 77 33 13 12 50 16
Route #3: 184 110 6 144 42 138 143 2 29 128 126 90 25 193 20 71 48 145 127 5 194 190 80 158 101 91 161 106 159 197 44
Route #4: 171 63 99 70 162 94 173 61 72 24 92 49 160 124 55 85 135 1 88 17 170 165 58
Route #5: 137 174 164 198 64 104 187 73 32 95 152 149 129 66
Route #6: 200 41 177 168 154 51 21 79 156 195 4
Route #7: 28 196 142 116 15 155 175 147 54 146 186 83 14 36 52 105
Route #8: 178 39 26 140 115 18 60 30 108 133 132 96 139 103 141 74 100 81 130 112 120 125 109
Route #9: 136 188 122
Route #10: 167 40 119 38 166 78 76 98 102 8 150 191 22 134 43 151 97 31 69 181 172 75 163 87 7 82 117
Route #11: 107 35 65 183 3 199 189 47 148 62 19 9 89 179 23 11
Time: 2098.73
Vehicle: 11
Distance: 2301.2357138236384
-----------------------------------------------
c2_2_10

Route #1: 13 33 86 93 118 182 45 77 100 74 141 103 96 139 92 52 105
Route #2: 196 142 184 110 6 29 148 106 146 186 159 83 14
Route #3: 99 70 162 94 104 64 198 131 113 169 192 84 27 53 56 185 180 37 55 85 135 1 49 160 66
Route #4: 67 132 153 59 10 16 133 108 61 72
Route #5: 200 41 177 170 165 58
Route #6: 178 167 40 39 119 38 166 102 98 76 8 78 134 22 191 150 43 151 97 31 172 181 69 88 17 82 117 7 87 163 75 168 154 21 51
Route #7: 46 137 174 164 57 18 115 140 26 123 121 124 111 157 34 176 114 68
Route #8: 107 116 15 35 65 183 3 199 189 47 175 155 4 23 11
Route #9: 173 30 60 187 73 32 50 12 81 130 112 120 125 109 149 152 95 129
Route #10: 28 136 171 63 24 122 179 89 9 19 62 36
Route #11: 188 144 42 138 2 143 128 126 90 25 48 145 127 5 71 193 20 194 190 80 158 101 91 161 197 44 54 147 195 156 79
Time: 2279.93
Vehicle: 11
Distance: 2182.329675977689
-----------------------------------------------
c2_2_8

Route #1: 67 132 10 153 59 93 118 86 33 77 182 45 73 32 50 96 139 103 141 74 100 81 130 112 120 125 109 149 152 95 129
Route #2: 188 144 42 138 2 143 128 126 90 25 48 145 127 5 71 193 20 194 190 80 158 101 91 23 11
Route #3: 173 30 60 187 13 12 16 133 108 61 72
Route #4: 200 107 35 116 15 41 177 191 150 43 22 134 49 160 87 163 7 82 117 66
Route #5: 137 174 64 198 164 57 18 115 140 26 123 121 124 111 157 34 176 114 68 52 105
Route #6: 136 28 196 142 184 110 6 29 148 197 161 106 159 44 195 156 79 4
Route #7: 46 104 131 113 169 192 84 27 180 185 56 53 37 55 85 135 1 88 17 170 165 58
Route #8: 171 63 92 24 122 62 186 146 83 14 36
Route #9: 99 94 162 70 65 183 3 199 189 47 175 155 179 89 9 54 147 19
Route #10: 178 167 40 39 119 38 166 78 8 102 98 76 97 151 69 31 181 172 75 168 154 21 51
Time: 2093.98
Vehicle: 10
Distance: 2244.974704803747
-----------------------------------------------
c2_2_5

Route #1: 28 196 142 107 35 183 65 3 199 189 47 175 89 179 62 122 11 23 4
Route #2: 99 70 46 162 60 30 108 61 133 16 50 141 103 74 100 81 130 112 120 125 109 149 152 95 129
Route #3: 200 41 116 15 155 9 19 186 146 83 14
Route #4: 178 39 140 26 115 18 123 121 124 17 117 82 7 170 165 58 66
Route #5: 104 64 137 174 198 164 57 131 113 169 192 84 27 53 56 185 180 37 55 85 88 135 1 111 157 34 176 114 68
Route #6: 136 188 184 110 6 148 29 48 145 71 193 20 194 190 161 147 54 197 44 195 156 79
Route #7: 67 132 10 153 59 86 93 118 182 45 77 33 13 12 96 139 72 92 49 160 52 105
Route #8: 144 42 138 2 143 128 126 90 25 127 5 80 158 101 91 106 159 36
Route #9: 171 63 173 94 187 73 32 24
Route #10: 167 40 119 38 166 102 98 76 8 78 134 177 22 191 150 43 151 97 31 69 181 172 163 87 75 168 154 21 51
Time: 1798.24
Vehicle: 10
Distance: 2233.379631393832
-----------------------------------------------

r2_4_7

Route #1: 28 193 236 129 390 185 328 160
Route #2: 192 277 346 24 315 251 21 60 313 220 72 230 331 320 270 258 284 297
Route #3: 385 137 215 11 326 209 205 95 164 324 387 211 384 116 57 94 226
Route #4: 290 40 319 86 347 333 150 263 161 112 322 45 147 29 296 115 271 198 4 325 376
Route #5: 162 223 368 344 305 184 117 231 393 337 85 334 100 217 261 68 233 173 252 264 176 133
Route #6: 84 228 202 321 130 90 26 27 186 114 200 222 49 195 208 33 246 210 191
Route #7: 35 104 395 216 204 20 63 56 323 370 102 170 99 48 155
Route #8: 42 374 311 351 257 174 242 286 58 336 121 240 77 9 148 369 342
Route #9: 8 207 151 394 329 234 253 46 93 366 380 34 159 167
Route #10: 64 92 189 307 66 203 363 62 358 110 213 224
Route #11: 355 400 111 381 51 131 12 292 76 304 285 267 14 75 399 312 59 295 132 3 259
Route #12: 23 106 13 396 383 135 47 301 348 317 247 194 138 357 163 32 201 212 154 54 308 241
Route #13: 316 5 375 310 339 272 22 338
Route #14: 166 291 289 190 196 158 397 318 144 183 38 353 269 134 37 225 388 71 165 288 273 97 372 113 398 88
Route #15: 181 260 367 378 17 229 91 373 25 392 330 152 343 146 341 19 255 139 123 52 364
Route #16: 36 50 279 82 16 157 178 80 149 15 6 266 254 101 293 107 171
Route #17: 69 361 119 302 39 105 124 31 109 280 156 175 142 108 122 182 140
Route #18: 265 238 127 237 141 53 199 386 197 1 10 74 143 249 118 287 169
Route #19: 126 382 172 300 365 298 125 275 128 354 103 67 2 250
Route #20: 356 206 362 41 244 276 314 306 283 73 299 248 120 335
Route #21: 350 327 274 309 83 55 65 256 245 168 379 187 180 371 79 30 340 227 303 239 243
Route #22: 81 98 389 359 377 268 44
Route #23: 232 7 391 221 145 352 43 332 218 219 89 177 345 70
Route #24: 214 281 153 87 61 136 262 349 188 360 96 235 282 294 18 179 278 78
Time: 9629.49
Vehicle: 24
Distance: 6957.190902409132
-----------------------------------------------
rc2_4_1

Route #1: 329 40 372 87 389 82 152 286 246 356 57 305 116 321 183 220 338 234 229
Route #2: 211 75 317 276 107 118 65 138 141 47 85 35 357
Route #3: 144 256 147 156 265 71 51 292 27 303 303 198 68 146 94 45
Route #4: 383 150 245 391 295 288 375 307 330 91 324 151 373 56 374 385 49 219 172
Route #5: 214 363 22 193 262 59 167 358 84 153 153 399 38
Route #6: 186 398 252 106 128 103 103 36
Route #7: 44 390 197 74 326 249 112 192 351 132 387 293 60 98
Route #8: 32 76 136 177 355 39 400 117 332
Route #9: 142 269 323 287 255 25 73 134 377 145 223 274 88 365 66 240 212
Route #10: 185 137 340 396 312 354 42 19 61 160 388 257 301
Route #11: 23 100 139 263 79 122 29 157 350 289 280 64 225 241
Route #12: 92 115 367 339 302 341 129 267 15 272 327 33 126 277 319 208
Route #13: 11 394 382 174 294 268 86
Route #14: 89 10 4 239 195 110 345 111 279 235 206 309 216 227 244 188
Route #15: 173 352 285 334 18 343 12
Route #16: 368 155 155 218 171 70 175 21 395 54 215 48 336 102 331 273
Route #17: 194 315 328 278 9 381 162 299 335 371 322 17
Route #18: 207 168 266 224 226 163 191 261 314 166 300 124 231 384 180
Route #19: 222 46 55 236 16 247 297 181 210 393 41 69 130 7 14 201
Route #20: 311 254 221 325 37 83 81
Route #21: 204 380 271 109 364 1 114 291 80 58
Route #22: 164 196 127 316 243 179 165 97 170 52 123 26 119 105 20 310 53 284
Route #23: 313 2 90 360 108 3 242 344 77 348 370 154 133 159 184
Route #24: 121 270 369 190 34 5 347
Route #25: 213 161 238 349 318 72 140 361 169 217 178 120 386 353 43 8 28
Route #26: 104 333 232 78 392 148 253 275 251 62 209 6 200 397
Route #27: 346 199 264 362 233 187 203 131 182
Route #28: 93 143 296 283 298 96 113 342 230 228 337 308 379 99 135 135 202
Route #29: 250 359 95 189 67 50 149 31 260 24 30 320 281 258 366 101 237 158 290 205 376
Route #30: 306 304 63 259 125 282 13 176 248 378
Time: 6095.67
Vehicle: 30
Distance: 8137.747447830304
-----------------------------------------------
r2_4_6

Route #1: 361 119 105 64 295 59 159 349 250 213 272 266 44 268 314 306 283 73 248 335 356 223 107 171
Route #2: 206 362 80 178 157 150 279 347 86 203 66 310 31 124 39
Route #3: 69 140
Route #4: 385 101 293 302 290 319 40 50 6 15 149 120 305 344 368 122 182
Route #5: 381 126 382 172 360 8 67 103 2 309 179
Route #6: 265 238 113 141 53 84 331 230 97 72 118 196 313 225 210 191 49 353 318 60
Route #7: 395 216 63 56 194 317 121 240 47 139 135 364 185 328
Route #8: 81 127 237 162 109 98 142 164 95 100 337 393 11 326 209 205 324 228 156 220 134 388 138 247 348 242 255 19 174 148 257 341 177 345 70
Route #9: 92 294 282 128 298 180 329 366 227 303
Route #10: 355 400 167 111 136 131 145 352 12 292 379 30 340 371 365 380 239 312 262 243
Route #11: 29 296 115 271 198 4 325 376 389
Route #12: 137 41 45 299 322 112 16 333 338
Route #13: 316 5 375 307 189 235 96 354 34 79 75 61 65 132 259
Route #14: 3 396 89 214 281 7 311 342 236 129 343 146 369 351 52 123 154 212 170 32 201
Route #15: 35 155 48 24 160
Route #16: 22 339 147 231 377 108 297 280 85 334 261 217 202 133 176 264 211 199 258 284
Route #17: 245 168 17 9 77 229 373 392 256 23
Route #18: 166 291 289 169 21 102 104 315 251 28
Route #19: 190 165 197 26 200 246 195 323 20 163 204 357 301 336 58 286 99
Route #20: 350 78 278 274 327 36 254 215 359 117 184 244 276 263 161 82 363 62 358 110 224
Route #21: 192 346 370 144 183 38 208 33 222 1 386 387 233 252 173 130 90 321 175 68 27 186 114 143 249 71 37
Route #22: 277 397 158 269 273 384 116 57 94 226 10 74 288 320 270 372 287 398 88
Route #23: 42 374 193 308 383 232 54 390 391 367 241
Route #24: 260 153 87 221 218 332 43 25 285 93 253 234 46 187 399 55 83
Route #25: 181 219 378 91 76 267 14 304 330 152
Route #26: 106 13 51 300 125 275 207 151 394 188 18
Time: 9432.26
Vehicle: 26
Distance: 7815.035293065382
-----------------------------------------------
c2_4_9

Route #1: 59 325 237 260 200 87 226 80 229 273 261 310 168 334 394 45 55 111 81
Route #2: 31 323 387 64 36 89 62 232 143 155 217 195
Route #3: 355 166 23 192 175 346 377 105 110 348 374 149 277 85 43 107 63 332 90 126 243 71 61
Route #4: 174 218 15 297 101 359 205 29 219 245 184 109 70 6 270 247 301 66
Route #5: 256 379 146 73 163 349 97 60 121 181 74 365
Route #6: 75 296 170 144 369 114 222 172 248 178 3 338 199 24 77 230 244 233 317 33 282
Route #7: 331 389 272 122 360 186 350 141 386 201 32 123 13 285 380 47 160 289 378 106
Route #8: 51 333 188 171 152 210 375 251 397 185 339 11 280 258 41 116 343 312 118 130 86 52
Route #9: 216 238 129 362 191 302 313 392 366 265 96
Route #10: 177 140 203 1 53 67 104 353 264 139 190 385 194 281 399 196 268 299 326 344 368 318 354
Route #11: 159 125 183
Route #12: 162 213 391 27 22 100 370 357 283 151 212 19 308 319 396 150
Route #13: 262 124 18 250 274 26 307 259 76 246 98 242 363 176
Route #14: 50 198 113 142 206 95 327 5 223 10 78 352 158 30 153 376 207 303
Route #15: 84 20 347 156 157 202 128 9 204 39 395 311 179 300 291 165 135 134 56 82
Route #16: 44 117 112 94 58 103 108 193 187 132 382 17 314 167 65 330 221 364 38 92 72 88 266 255
Route #17: 49 239 211 292 12 68 279 316 322 42 231 8
Route #18: 324 25 371 35 127 321 236 358 254 253 4 102 173 46 220 228 328 288 320 138 340
Route #19: 115 37 276 225 367 290 235 227 180 263 83 295 169 14 384 304 91 79 342 400 315 257 356 294 99
Route #20: 383 252 147 341 329 269 335 271 388 69 249 241 208 148 209 381 305 234 48
Route #21: 240 154 34 189 275 2 284 7 93 373 398 197
Route #22: 337 133 119 137 345 298 287 309 120 293 182 16
Route #23: 21 372 224 278 54 136 267 214 306 57 161 215 145
Route #24: 28 351 336 393 286 390 361 40 164 131
Time: 9071.39
Vehicle: 24
Distance: 5543.677510637931
-----------------------------------------------
r2_4_4

Route #1: 23 106 13 355 83 64 316 31 124 224
Route #2: 192 24 37 71 249 143 74 10 57 26 133 197 116 288 273 97 372 35 155 160
Route #3: 400 381 172 380 365 298 125 180 366 329 93 46 253 234 275 128 34
Route #4: 169 196 313 225 388 397 158 21 102 395 201 247 194 138 317 348 121 336 240 58 174 148 257 341 242 286 99 364 315 251 48
Route #5: 230 331 320 270 386 211 321 387 202 164 95 205 209 334 100 280 277 346 42 308 383 232 7 391 87 153 304 14 340 303 79 282 250 307 189 92 3 259
Route #6: 119 302 39 105 213 5 2 103 394 207 354 151 67 66 203 363 112 322 248 299 73 283 306 276 314 115 326 337 85 108
Route #7: 396 65 132 78 278 55 295 59 111 262 239 159 349 18 294 235 96 8 360 188 382 126 312
Route #8: 171 293 101 162 223 137 305 206 44 268 147 41 244 45 149 15 266 339 272 290 319 40 50 333 150 263 161 82 279 16 157 178 80 6 120 362 231 29 296 271 198 4 11 393 325 376 389 385 107
Route #9: 350 179 309 274 327 110 375 62 347 86 310 358 243 167
Route #10: 140 69 238 127 237 182 98 368 109 122 297 81 361
Route #11: 60 318 370 144 222 49 210 195 208 32 216 139 19 77 9 17 229 25 373 91 332 256 89 177 345 70
Route #12: 212 52 123 135 390 311 342 236 129 343 146 221 219 218 43 285 267 187 371 227 30 300 51 399 330 152 136
Route #13: 118 134 269 359 377 117 184 344 215 356 254 335 22 338 36
Route #14: 166 265 113 53 141 84 284 258 199 228 324 175 156 142 217 261 68 233 252 173 130 90 264 176 94 27 186 114 165 220 72 190 287 289 291 398 88
Route #15: 181 281 245 131 292 76 392 168 145 352 12 379 75 61 214 241 28
Route #16: 384 1 226 200 191 246 33 56 63 323 183 38 353
Route #17: 260 367 378 369 351 255 47 301 204 357 20 163 170 154 104 374 328 185 54 193
Time: 16485.12
Vehicle: 17
Distance: 5857.047779995252
-----------------------------------------------

c2_4_10

Route #1: 75 324 296 25 170 144 114 222 172 248 178 254 253 230 77 3 338 24 244 233 294 392 99
Route #2: 383 252 147 341 329 269 335 271 388 69 13 285 32 201 123 312 343 118 130 86 52 270 6 247 131 164 40 70
Route #3: 49 62 89 36 192 175 348 374 149 277 85 43 107 63 126 82
Route #4: 216 129 37 371 35 127 321 358 236 4 173 46 91 304 384 102 220 228 356 328 288 138 320 366 96 221
Route #5: 31 355 84 20 166 64 39 395 12 316 322 42 231 11 209 381 305 8 234 243 71 286 61
Route #6: 177 337 133 119 137 372 299 268 196 57 376 207 303 307 396 246 98 242 363
Route #7: 51 333 251 68 279 375 397 125 141 386 380 47 378 106
Route #8: 115 293 182 367 290 287 298 83 295 169 14 263 400 342 79 315 257 265 340
Route #9: 331 256 379 146 73 163 349 97 60 350 186 360 122 272 389 289 160 121 181 74 365
Route #10: 238 362 191 302 313 330 382 17 167 65 364 38 92 72 255 266 88 16
Route #11: 162 27 100 370 2 284 357 275 283 151 101 297 351 28 319 308 59 19 150
Route #12: 213 15 218 22 325 21 240 189 154 34 260 237 352 310 158 200 87 226 80 30 153 215 145
Route #13: 44 159 117 112 94 369 183 58 103 108 193 187 132 199 33 282 317 314
Route #14: 239 211 292 185 339 301 66 176
Route #15: 262 235 180 227 309 120 140 18 124 250 274 26 326 368 318 259 76
Route #16: 391 174 7 212 359 23 9 204 165 300 311 179 291 135 134 332 90 56 217 195
Route #17: 323 387 347 128 346 377 110 105 202 157 156 50 198 113 142 206 95 327 5 223 78 10 168 334 394 45 55 111 81
Route #18: 171 188 152 210 93 197 373 398 249 241 148 280 258 41 116 208 48 361 390 109
Route #19: 276 225 345 203 1 53 67 104 224 353 264 139 190 385 194 278 306 214 267 54 136 399 281 261 273 229 161 344 354
Route #20: 29 205 143 232 184 393 245 219 155 336
Time: 11864.85
Vehicle: 20
Distance: 4990.245425550227
-----------------------------------------------
rc2_4_2

Route #1: 213 161 318 172 317 276 107 141 47 242 344 3 370 180 53
Route #2: 92 115 312 354 79 122 29 157 350 289 116 64 338 225 234 280 321 241
Route #3: 150 245 136 117 400 34
Route #4: 331 368 274 88 54 365 395 387 293 171 218 306 103 28 36
Route #5: 316 165 97 266 224 226 191 314 166 261 384 319 18 208
Route #6: 58 238 349 72 307 91 324 373 330 385 271 109 364 4 309 216 227 244 188
Route #7: 144 301 396 340 367 185 137 339 302 341 394 382 174 294 268 86 300 124 231 352 184
Route #8: 201 311 254 221 325 60 98
Route #9: 85 207 168 118 65 138 123 52 170 154 133
Route #10: 214 12 343 228 337 308 99 135
Route #11: 186 250 359 31 258 366 101 237 158 290 95 205 353 43
Route #12: 363 194 278 9 381 87 389 82 152 286 246 356 57 305 299 14 22
Route #13: 21 74 197 326 249 112 132 13 193 262 104 41 59 84 153 399 38
Route #14: 75 211 140 39 210 355 177 181 297 380 1 239 110 345 195 279 111 291 10 89 114 5 347 151 26 163 20
Route #15: 121 222 46 55 236 247 80 16 235 206 178 120 369
Route #16: 398 252 189 67 50 149 63 282 378 240 37 48 336 102 182 273
Route #17: 202 315 328 147 113 139 265 342 230 42 68 146 379 160 61 19 156 94 45
Route #18: 35 269 323 145 377 346 199 264 24 30 260 320 281 362 233 187 142 203 131
Route #19: 11 129 267 15 327 33 126 277 284
Route #20: 32 76 100 162 335 322 167 358 130 7 17
Route #21: 333 232 78 392 372 253 148 62 251 275 209 40 69 6 397 200 371 220 229 183
Route #22: 383 217 332 190 295 288 391 375 204 374 56 49 219
Route #23: 304 44 255 25 73 134 287 259 125 357
Route #24: 164 313 2 108 360 90 243 179 173 285 334 127 196 348 77 159
Route #25: 361 169 393 270 128 386 106 376 8
Route #26: 155 390 192 351 223 176 248
Route #27: 329 70 175 215 83 81 66 212
Route #28: 93 143 296 256 23 283 298 96 263 71 51 292 27 303 198 388 257 272 119 105 310
Time: 17757.91
Vehicle: 28
Distance: 7515.396962773955
-----------------------------------------------
rc2_4_3

Route #1: 213 238 161 316 173 352 285 179 243 348 47 242 344 3 370 108 360 133 154 300 272 160 265 96 280 116 225 69 167 358 153 399 38 325
Route #2: 269 323 145 377 346 199 134 24 30 260 320 281 264 192 351 390 255 287 8 28 36 182
Route #3: 144 337 312 354 19 61 257 388 308
Route #4: 125 282 248 176 223 274 88 387 187 306 142 203 131
Route #5: 85 141 207 168 65 118 151 373 56 374 307 385 271 109 10 89 235 206 247 80 16 309 216 227 244 188 236 190 217 121
Route #6: 214 363 194 278 9 381 200 397 6 62 130 372 40 7 84
Route #7: 349 318 72 204 136 400 39 380 34 117
Route #8: 164 313 77 90 97 224 266 170 52 138 123 226 26 191 384 165 127 196 277 284
Route #9: 331 378 155 218 171 21 395 54 365 83 81 66 60 273
Route #10: 75 211 140 169 361 393 58 35 357
Route #11: 150 383 201 14 104 41 59 333 232 78 392 148 251 253 275 209 221 37 240 212 98
Route #12: 250 359 103 290 95 189 50 31 258 362 233 366 101 237 158 149 67 205 43 353 252 106 128 386 376
Route #13: 93 143 296 23 283 147 156 113 139 71 51 122 79 263 42 146 68 230 342 220 64 338 229 183 94 45 241
Route #14: 208 18 33 185 137 339 294 174 268 86 124 231 314 166 261 319 126 184
Route #15: 70 175 336 48 102 215
Route #16: 202 315 100 87 82 152 305 286 57 246 356 157 350 234 29 292 27 303 198 379
Route #17: 32 76 298 321 162 289 389 299 335 371 322 17 135 119 105 310 20 163 53 180
Route #18: 259 63 304 44 25 73 132 112 249 326 197 74 293
Route #19: 245 332 391 295 288 375 177 355 210 181 297 114 4 239 110 345 195 279 111 291 364 1 5 347 91 324 330 49 276 317 172
Route #20: 256 12 343 228 99 328 254 311 368 13 22 329 193 262
Route #21: 301 92 396 340 115 367 129 341 302 382 394 11 267 15 327 334 2 159 107 219
Route #22: 186 398 46 55 120 178 369 222 270
Time: 84844.71
Vehicle: 22
Distance: 6334.445875630881
-----------------------------------------------
r2_4_5

Route #1: 274 327 119 361 134 37 225 60
Route #2: 24 315 185 364 351 341 148 257 9 229 373 392 256
Route #3: 78 375 203 203 66 189 294 282 96 235 67 307 250 309 179 278
Route #4: 3 13 396 220 273 106 349 159 239 262 312 295 70 23
Route #5: 291 289 169 190 372 118 269 143 1 116 384 175 261 217 280 122 182 81
Route #6: 215 359 4 29 231 147 268 244 314 248 157 338
Route #7: 258 199 164 324 228 142 156 202 133 176 264 211 284
Route #8: 192 346 102 370 144 183 38 165 386 387 233 252 130 90 94 57 226 10 74 173 68 321 108 297 320 270 288 27 186 249 71 210 191 49
Route #9: 135 139 47 255 52 212 154 170 123 286
Route #10: 105 64 110 310 363 62 358 224
Route #11: 302 36 22 80 178 279 150 16 333 6 15 266 335 254
Route #12: 167 125 275 34 128 207 354 151 394 188 243 18
Route #13: 219 378 218 91 43 25 285 30 340 227 187 14 304
Route #14: 69 337 326 115 296 117 377 344 107 171 140
Route #15: 265 238 127 237 98 109 393 11 276 306 283 112 2 103 253 234 46
Route #16: 277 397 158 323 388 21 104 251
Route #17: 374 311 342 390 54 328 160
Route #18: 166 197 26 114 200 222 246 195 353 313 196
Route #19: 35 155 193 308 7 367 214 168 153 221 87 232 391 383 241
Route #20: 385 101 356 206 362 45 322 299 73 263 161 82 31 124 293
Route #21: 181 260 281 245 131 12 145 352 292 379 75 61 136 89 177 28
Route #22: 48 395 201 216 194 247 301 121 317 348 204 138 56 357 99
Route #23: 55 355 400 111 59 83 132 65 345 259
Route #24: 113 141 53 84 331 230 97 72 287 398 88
Route #25: 316 5 319 347 86 40 50 339 272 290 213 39
Route #26: 162 137 184 41 44 149 120 305 305 368 223
Route #27: 318 208 33 63 20 163 32
Route #28: 95 205 209 100 334 85 271 198 325 376 389
Route #29: 51 300 267 76 332 17 174 369 129 146 77 19 242 58 336 240 343 236 42
Route #30: 350 92 8 360 381 126 382 172 380 298 180 366 371 303 79 365 93 329 152 399 330
Time: 40802.25
Vehicle: 30
Distance: 8823.348602298729
-----------------------------------------------
c2_4_8

Route #1: 296 222 379 146 73 163 349 97 60 186 360 122 272 125 398 373 241 208 148 130 118 343 312 121 181 74 365 378 106
Route #2: 239 211 62 89 36 64 192 175 348 149 374 204 165 291 300 311 179 184 393 242 363 176
Route #3: 31 355 323 387 166 110 105 377 346 9 23 39 395 205 29
Route #4: 84 20 347 128 156 50 198 113 142 157 202 394 334 45 55 168 111 81
Route #5: 75 324 25 170 144 331 256 103 58 193 108 389 350 141 386 201 32 285 123 13 47 380 160 289
Route #6: 337 119 1 203 345 309 140 120 250 59 19 319 308 92 38 364 16
Route #7: 213 391 174 218 15 28 351 297 101 396
Route #8: 112 94 369 114 382 17 65 330 366 161 153 30 376 145 150
Route #9: 51 292 333 188 171 152 375 279 316 322 42 11 209 52 86 270 6 247 131 164 40 70 61 109
Route #10: 177 133 137 372 53 67 104 224 353 264 139 190 385 194 278 54 136 267 57 326 344 354 72 266
Route #11: 21 26 274 299 268 196 306 214 200 310 158 307 259 76 255
Route #12: 115 235 227 180 263 287 298 83 295 169 14 384 304 91 400 342 79 315 257 320 138 96 340 99
Route #13: 383 252 69 249 197 93 210 339 185 397 251 68 12 143 219 155 336 217 195 98 246
Route #14: 216 362 191 313 302 44 117 159
Route #15: 129 371 35 127 321 236 358 253 254 178 248 172 4 102 173 46 220 228 356 328 288 294 221
Route #16: 238 37 276 225 367 290 265
Route #17: 147 341 388 271 329 269 335 116 41 258 280 381 305 231 8 234 301 66
Route #18: 27 22 7 100 370 2 284 151 283 352 237 260 87 226 229 399 281 261 273 80 207 303 215 368 318 88
Route #19: 262 124 18 293 182 183 187 132 199 338 3 77 230 24 33 282
Route #20: 49 245 232 135 134 63 107 43 85 277 332 90 126 56 82 71 243 286 390 48 361
Route #21: 162 325 240 154 34 189 275 357 212 359 206 95 327 5 223 10 78 392 167 314 317 233 244
Time: 7894.81
Vehicle: 21
Distance: 5402.11867689377
-----------------------------------------------
rc2_4_7

Route #1: 361 169 317 276 168 52 170 266 224 163 191 166 300 124 154 384 231 119 105 20 310 53 184
Route #2: 121 222 236 247 16 89 10 4 239 279 195 110 345 364 271 109 111 291 309 227 216 244 188 80 347 172
Route #3: 93 143 296 256 23 315 328 278 9 381 299 82 152 305 286 57 246 356 289 350 157 338 64 220 229 183 45
Route #4: 144 228 298 100 162 87 389 116 280 321 94 99 343 12
Route #5: 142 269 306 304 63 259 125 282 218 171 351 192 132 187
Route #6: 368 274 88 54 395 74 112 249 326 48 37 221 193 262 201
Route #7: 32 76 194 333 232 78 69 6 62 251 209 130 200 371 335 225 234 241 202
Route #8: 155 44 287 255 25 73 390 197 21 223 176 248 13
Route #9: 173 352 285 179 243 316 3 344 242 47 141 108 360 133 348 77 159
Route #10: 186 398 250 359 217 245 35 357 357
Route #11: 383 150 136 391 295 288 375 177 355 39 210 181 297 380 1 114 235 206 376 28 36
Route #12: 283 156 147 68 230 342 265 113 96 139 263 51 303 27 292 29 122 79 71 198 42 146 19 61 135
Route #13: 95 67 50 149 31 366 346 199 264 134 377 145 323 203 131 182 331 273
Route #14: 185 137 11 367 115 92 396 354 312 340 272 129 267 15 327
Route #15: 378 387 365 83 81 66 240 212 153 84 7 397
Route #16: 308 337 379 160 257 388 301
Route #17: 104 40 372 392 148 253 275 70 175 215 293 336 102 60 98
Route #18: 22 329 41 59 167 358 38 399 14
Route #19: 164 196 127 165 261 314 339 294 174 302 341 394 382 268 86 33 334 319 284
Route #20: 214 363 311 254 325 322 17
Route #21: 313 2 90 97 226 138 123 65 118 151 373 307 330 324 91 385 56 374 49 277 126 18 208
Route #22: 75 211 140 219 204 400 117 332 190 369 178 120 386 353 43 8 103
Route #23: 270 46 55 106 252 189 258 260 30 24 320 281 362 233 101 237 158 290 205 128 34 5 26 180
Route #24: 213 161 238 349 318 72 107 207 370 85 393 58
Time: 9815.7
Vehicle: 24
Distance: 6885.643604526216
-----------------------------------------------
c2_4_3

Route #1: 99 216 238 191 362 129 313 330 392 371 221
Route #2: 106 47 380 122 360 186 350 141 386 201 32 285 160 289 378
Route #3: 75 324 296 170 144 114 369 94 112 44 117 183 382 317 17 314 167 65 302 25
Route #4: 354 372 53 1 67 104 224 353 264 139 190 385 194 278 54 136 399 281 229 273 261 87 226 80 30 376 161 326 26 344
Route #5: 70 197 398 148 373 93 361 301 66 98 246
Route #6: 363 51 188 171 152 210 11 209 381 305 234 243 71 286
Route #7: 222 187 193 108 379 146 73 163 349 97 60 272 121 389 181 74 365 58
Route #8: 159 125 331 103 256 123 13 312 343 118 130 86 52 270 6 247 40 164 131
Route #9: 166 9 175 348 149 332 90 126 316 322 42 231 8 61 176
Route #10: 101 28 351 174 27 266 72 88
Route #11: 62 89 323 64 84 387 23 39 395 311 179 291 135 134 63 107 43 85 204 165 300 36 355 143 31
Route #12: 255 307 215 268 299 196 306 214 267 57 153 207 303 145 368 318 259 76
Route #13: 21 154 34 189 240 119 133 250 120 309 304 91 79 315 366 96
Route #14: 337 137 274 203 345 298 287 83 295 169 400 342 265 140 124
Route #15: 20 347 128 377 105 346 156 50 113 142 157 202 110 192 374 277 56 82 12
Route #16: 213 15 359 223 5 334 45 55 111 81 297 218 391 396
Route #17: 37 294 35 127 321 358 236 4 253 254 178 248 172 132 199 24 338 3 77 230 244 233 33 282
Route #18: 383 252 147 341 329 269 335 271 388 69 249 241 208 280 258 41 116 48 390 109
Route #19: 225 367 290 235 227 180 263 14 384 46 102 173 220 228 356 328 257 288 320 138 276
Route #20: 150 162 19 22 7 212 151 283 352 237 260 158 200 310 78 10 394 198 206 95 327 168 205 29
Route #21: 195 336 155 219 232 245 217 242
Route #22: 49 239 211 292 333 185 339 251 397 375 279 68 184 393
Route #23: 308 325 100 284 2 357 275 370 59 319 92 38 364 16
Route #24: 262 177 18 293 182 115 340
Time: 13330.81
Vehicle: 24
Distance: 5186.255402900273
-----------------------------------------------

r1_4_10

Route #1: 104 11 40 54 60 384
Route #2: 187 235 71 321 55
Route #3: 188 13 386 215 310 217 98 344
Route #4: 84 101 30 149 62 308 140 53 272 331 256 17 300
Route #5: 213 151 151 87 21 283 152 297 345
Route #6: 244 377 75 350 380 16 240 141 56 169
Route #7: 216 303 322 97 65 36 77 70
Route #8: 168 287 347 397 397 35 383 59 195 68 173 346 131 78
Route #9: 381 115 157 18 392 1 80 332 242 340
Route #10: 90 247 333 208 223 148 125 280
Route #11: 334 42 227 209 57 154 9 178
Route #12: 250 368 122 69 146 133 203
Route #13: 274 166 4 184 192 320 29 390 312 373 207 396 302 288 185
Route #14: 158 266 219 153 38 25 354 257
Route #15: 138 317 24 360 268 372 48 150 395
Route #16: 128 129 74 366 254 371 239 365
Route #17: 106 204 284 175 289 2 5 121 229 279
Route #18: 260 326 398 197 253 191 191 96 49
Route #19: 301 222 328 99 246 352 114 265 238 237 23 196
Route #20: 180 182 199 161 313 63 353
Route #21: 172 116 177 382 282 324
Route #22: 41 66 255 3 387 231 267 160
Route #23: 108 311 391 259 315 225 139 22 132 81 232
Route #24: 163 251 46 212 286 176 295 61
Route #25: 304 118 241 292 343 6 370 306 123
Route #26: 336 120 27 34 82 327 15 189
Route #27: 388 314 375 278 330 230 67 201 134
Route #28: 357 318 294 361 171 37 293 367 210 109
Route #29: 86 159 285 144 20
Route #30: 94 358 351 248 14 58 58 7 85 335
Route #31: 28 290 64 364 221 112 374 102 276
Route #32: 389 316 263 110 262 378 379 126 135 363
Route #33: 43 142 8 400 73 76
Route #34: 130 186 137 329 369 167 307 323 337
Route #35: 119 136 296 399 299 356 305 100 174 31
Route #36: 376 291 394 107 258
Route #37: 270 155 32 277 271 113
Route #38: 298 281 341 170 156 89 194 261 325 50 44
Route #39: 93 205 252 264 348 202 83 198 200 12
Route #40: 10 79 275 52 211 117 39 145 359
Route #41: 218 236 224 143 342 269 147 193 181 220
Route #42: 319 245 355 124 51
Route #43: 164 72 309 127 127 162 362 45 47 33 95
Route #44: 349 179 206 165 105 111 88 228 226
Route #45: 385 103 183 393 339 234 233 91
Route #46: 243 273 190 26 338 92 214 19 249
Time: 6757.82
Vehicle: 46
Distance: 10116.257609009206
-----------------------------------------------
rc1_4_2

Route #1: 250 359 67 50 149 31 258 366 101 237 158
Route #2: 316 179 243 141 1 364 109 244 216 227 353
Route #3: 346 287 21 395 54 88 248 365 83 81
Route #4: 329 325 84 167 358 153 201
Route #5: 14 104 78 372 392 69 371 200 397 6 7
Route #6: 254 311 37 48 336 175 102
Route #7: 93 143 296 256 23 76 32
Route #8: 306 304 63 259 187 378 13
Route #9: 186 46 55 177 355 210 39 400 117 58
Route #10: 277 352 285 334 33 208
Route #11: 283 162 152 286 57 246 356 157 289 116 315 202
Route #12: 184 164 313 170 52 123 138 26 224 53 159 85
Route #13: 211 75 317 219 270 376 8 203 131 182
Route #14: 92 367 367 11 394 382 174 294 268 339 300 319
Route #15: 89 10 239 4 380 271 111 291 279 114
Route #16: 396 340 115 267 15 327 18 126 284
Route #17: 107 374 330 385 5 347 204
Route #18: 142 269 44 255 25 73 134 377 145
Route #19: 354 263 71 79 51 292 27 303 198
Route #20: 144 156 113 96 322 262 60 98
Route #21: 173 261 191 314 166 133
Route #22: 213 161 238 349 318 72 140 169 361 393
Route #23: 236 247 110 345 195 309 80 188
Route #24: 121 222 217
Route #25: 343 147 265 342 230 68 94 135
Route #26: 368 70 215 293 387
Route #27: 36 95 189 205 103 28
Route #28: 194 278 9 228 146 42 19 61 99 12
Route #29: 185 137 302 341 272 129 86 124 231 384 154
Route #30: 333 232 40 253 275 251 62 148 130 209
Route #31: 307 91 324 151 373 56 49 276
Route #32: 155 171 218 282 125 22 357 35
Route #33: 199 264 24 30 260 320 233 290 369 178 120
Route #34: 207 168 118 65 370 180 172
Route #35: 214 363 193 212 66 240 221 38 399 331 273
Route #36: 197 74 326 249 112 192 132 390 351 281 362
Route #37: 398 252 106 128 386 43 323 176 223 274
Route #38: 2 196 127 165 90 360 108 47 242 344 3 348 77
Route #39: 139 122 29 64 280 350 234 338 229 220
Route #40: 308 337 379 160 312 257 388 301
Route #41: 328 298 321 100 183 45 241 17
Route #42: 383 245 391 375 136 332 190 206 288 150
Route #43: 381 87 389 82 305 225 299 335 59 41
Route #44: 295 16 235 297 181 34
Route #45: 97 266 226 163 20 105 310 119
Time: 5888.82
Vehicle: 45
Distance: 9819.714717793371
-----------------------------------------------
r1_4_4

Route #1: 87 67 201 363 126 135 5 275
Route #2: 291 369 307 34 136 273 309 37 23 352 196
Route #3: 91 304 303 78 193 131 194 181 224 220 353
Route #4: 163 277 22 265 222 350 75 171 391
Route #5: 164 72 127 214 338 92 162 386 13 400 188
Route #6: 86 177 145 4 184 396 187 382 282
Route #7: 233 156 63 314 388 341 170 124 94 311 108 51
Route #8: 342 346 36 65 77 21 134 230 110 53 331
Route #9: 375 278 330 151 262 339 393 234
Route #10: 256 343 6 272 123 14 248 157 348 351
Route #11: 276 368 122 133 146 69 119 160 27 120 250
Route #12: 43 142 109 19 318 81 357 249 270 244
Route #13: 281 389 316 263 313 161 269 173 378 379 97 147
Route #14: 104 334 28 227 398 260 323
Route #15: 376 344 336 95 215 310 33 45 362 8 73
Route #16: 116 359 395 48 360 268 52 121 79
Route #17: 88 111 392 1 80 381 340 179 384
Route #18: 178 11 40 57 154 158 191 266 209
Route #19: 251 46 247 333 208 176 295 286 61 212 71 159
Route #20: 300 30 306 149 62 308 140 370 58 358 319 335
Route #21: 155 114 237 238 293 240 141 366 365 356 399 296
Route #22: 174 100 305 221 25 257 354 326
Route #23: 243 26 190 56 16 380 367 225 259 169
Route #24: 258 130 337 107 186 137 217 203 98 76
Route #25: 329 82 327 31 112 299 231 66 102 128 129 74 47
Route #26: 292 241 101 17
Route #27: 197 96 219 253 84 213 89 143 199 182 180
Route #28: 93 205 264 252 198 200 83 12 202 18 332 165 226
Route #29: 328 246 99 55 271 113 232 302 288 185
Route #30: 394 189 267 387 254 239 371 374 3 255 41
Route #31: 90 235 285 144 20 148 211 117 372 150 324
Route #32: 287 106 347 284 175 383 59 2 289 35 50
Route #33: 42 290 64 153 38 49 364 15 167
Route #34: 349 7 85 245 355 118 385 103 183
Route #35: 216 280 261 325 397 279 44 24 317 10
Route #36: 315 377 361 294 32 139 132 301 210
Route #37: 168 138 298 60 54 9 242 115 105 206 228
Route #38: 218 236 125 322 70 297 152 283 345 68 195 229 204
Route #39: 172 274 166 39 192 312 373 207 390 320 29 223 321
Time: 8360.9
Vehicle: 39
Distance: 8868.517114110931
-----------------------------------------------
c1_4_9

Route #1: 387 78 379 386 14 288 6 178 327
Route #2: 280 335 385 199 82 254 383 383
Route #3: 64 334 216 195 285 18 238 225 323
Route #4: 126 56 141 370 274 138 170 275 240
Route #5: 49 51 181 389 1 127 245 363 251 316
Route #6: 221 63 213 121 233 173 161 50
Route #7: 286 209 185 351 284 58 356 134 107
Route #8: 115 267 364 340 373 167 148 378
Route #9: 336 10 152
Route #10: 160 337 330 143 215 153 46 147 89 166 258 227
Route #11: 189 174 390 271 244 57 48 345 98 250 234
Route #12: 52 16 314 136 317 22 399 132 219 28
Route #13: 97 29 360 47 9 305 249
Route #14: 393 112 291 31 171 243 299
Route #15: 80 315 322 294 120 261 131 60 53 313 86
Route #16: 381 292 226 109 172 26 282 352 40 123 119 232
Route #17: 70 87 298 116 396 307 264
Route #18: 278 231 188 358 207 341 350 183 75 228
Route #19: 154 17 326 214 355 117 247 162 320 168 283 289 158 104
Route #20: 23 324 156 133 210 382 338 256 205
Route #21: 12 287 108 362 248 239 192 128 27
Route #22: 303 144 24 93 229 204 204 295 103 220 122
Route #23: 269 343 69 222 223 4 190
Route #24: 302 201 25 96 353
Route #25: 357 77 74 394 68 71 59 253 164 367 391
Route #26: 366 150 83 354 206 99 184 175 3
Route #27: 208 100 145 318 106 125 319 260 43 230 224 41
Route #28: 397 72 273 203 365 187 200 42 45
Route #29: 332 92 310 339 262 400 8 34 297 329 163
Route #30: 73 265 85 380 328 177 95 30
Route #31: 266 94 54 180 179 35 110 37 20
Route #32: 371 38 374 111 194 276 142
Route #33: 331 398 66 277 325 368
Route #34: 88 217 301 139 392 36 296 359 293
Route #35: 102 159 304 211 113 312 246 81 197 84
Route #36: 114 44 348 235 388 388
Route #37: 151 270 193 19 55 191 349 344 91 130 372
Route #38: 146 165 308 268 79
Route #39: 252 290 182 236 61 218 11 369
Route #40: 5 129 281 263 176 137 384
Route #41: 375 157 198 135 140 279 90 196 321
Route #42: 149 33 255 212 169 237 76 311 241
Route #43: 105 155 395 361 272 306 377 124 2 347 376
Route #44: 101 7 257 300 13 15
Route #45: 186 202 342 309 118 21 346
Route #46: 333 32 62 39 67 65 242 259
Time: 6930.22
Vehicle: 46
Distance: 8951.422126663012
-----------------------------------------------
c1_4_8

Route #1: 115 102 69 222 159 304 71 211 59 253 42
Route #2: 64 397 207 341 187 200 119 289 158 104 227
Route #3: 269 343 398 66 277 325 368 37 20
Route #4: 393 112 135 243 171
Route #5: 92 310 339 262 400 8 319 260 43 230 34 224 41
Route #6: 266 165 179 386 113 14 288 6 178 327
Route #7: 94 54 180 308 146 268 79 297 329
Route #8: 375 149 101 7 257 300 13 15 76
Route #9: 105 155 395 272
Route #10: 72 203 365 273 361 377 306
Route #11: 221 63 296 248 239 192 128 27 234
Route #12: 51 181 389 1 116 127 245 242 259
Route #13: 366 150 83 354 206 99 184 175
Route #14: 331 141 252 370 274 138 170 4 275 240
Route #15: 374 32 39 62 65 67 396 307 264
Route #16: 73 265 380 85 328 177 95 30
Route #17: 334 216 358 285 195 21 118 346 45
Route #18: 88 144 24 93 229 204 295 103 122 137 384
Route #19: 97 33 255 157 212 212 169 237 28 249
Route #20: 80 315 213 121 233 173 161 50 383 261 131
Route #21: 56 290 182 236 61 218 11
Route #22: 292 226 109 172 26 350 282 352 40 183 123 75 228
Route #23: 139 392 36 191 349 344 91 130 372 163
Route #24: 360 198 140 140 279 90 321 196 219
Route #25: 49 298 87 70 302 201 25 96 353
Route #26: 217 301 280 199 82 359 293 254 220
Route #27: 287 31 362 108 369 110 35 223 190
Route #28: 186 381 202 309 342
Route #29: 154 17 326 214 355 117 247 162
Route #30: 23 156 210 133 333 111 194 363 251 316 276 142
Route #31: 114 44 348 235 281 388
Route #32: 126 29 9 12 47 299 305
Route #33: 332 387 278 78 231 188 125 225 323
Route #34: 286 185 209 10 152 336
Route #35: 208 238 18 124 2 347 376
Route #36: 335 385 303 129 263 176 320 168 283 232
Route #37: 267 364 340 373 167 148 378 164 367 391
Route #38: 291 52 16 314 136 317 22 399 132 311 241
Route #39: 322 151 270 193 19 382 338 256 205
Route #40: 351 284 58 294 120 60 53 313 86
Route #41: 189 174 390 271 271 244 57 48 345 98 250
Route #42: 371 38 324 55 356 134 107 3
Route #43: 357 77 74 68 394 379 312 246 81 197 84
Route #44: 100 145 318 106
Route #45: 5 160 337 330 143 215 46 153 147 89 166 258
Time: 6312.02
Vehicle: 45
Distance: 9049.477737026627
-----------------------------------------------
r1_4_5

Route #1: 357 155 301 222 265 139 237 238 23 22 132 196
Route #2: 314 388 143 269 161 313 63
Route #3: 250 122 119 136 66 255 3 374 112 387 231
Route #4: 397 175 59 2 5 121 279 359
Route #5: 291 34 327 82 189 329 98 344 76
Route #6: 290 266 64 364 49
Route #7: 138 106 147 97 379 378 67 67 173 346 131
Route #8: 304 341 170 156 194 193 261 325 44 150 145 39 395
Route #9: 120 69 41 102 128 267 160
Route #10: 104 42 334 227 209 57 60 226
Route #11: 375 278 262 87 230
Route #12: 168 216 303 181 220
Route #13: 43 142 391 259 315 225 210 81 113 232
Route #14: 328 246 99 114 32 277 19 249
Route #15: 383 79 275 52 360 268 372
Route #16: 260 326 197 253 219 153 38 96
Route #17: 164 72 309 16 380 293 37
Route #18: 270 294 271 55 321
Route #19: 317 24 195 283 152 126 135 297 345 229 50
Route #20: 336 27 217 174 31 257 257 354 323
Route #21: 94 30 149 252 205 93 300
Route #22: 163 169 73
Route #23: 287 347 284 322 68 70
Route #24: 90 251 159 318 127 240 141 56 47 95 33
Route #25: 223 320 390 312 373 207 207 207 396 282
Route #26: 21 65 36 134 201 363 77
Route #27: 358 58
Route #28: 296 221 25 305 100 167 307
Route #29: 116 172 288 185
Route #30: 247 333 208 352 176 295
Route #31: 179 381 105 111 80 1
Route #32: 206 165 154 9 384
Route #33: 243 190 26 338 92 214 8 400
Route #34: 11 158 115 392 18 332 191 178
Route #35: 368 399 299 356 239 254 371 371 365
Route #36: 274 204 125 280 78 324
Route #37: 188 273 129 366 74
Route #38: 386 13 162 362 45 215 310 146 133
Route #39: 10 35 289 48
Route #40: 86 46 212 286 29 61
Route #41: 241 308 62 264 140 53 306 202 83 198 200 12
Route #42: 84 245 124 355 85
Route #43: 244 377 361 350 75 171 367 109
Route #44: 351 14 157 248 348 123 51
Route #45: 54 40 137 186 107 337
Route #46: 236 224 213 89 199 182 180
Route #47: 292 343 6 272 370 331 256
Route #48: 177 187 285 192 148 144 20 71 235 382 302
Route #49: 319 349 7 228 88 242 340 335
Route #50: 376 394 276 130 258 258
Route #51: 108 311 28 398 15 369 203
Route #52: 389 263 385 103 110 183 330 353 91
Route #53: 218 342 151 393 234 339 233
Route #54: 166 4 184 211 117
Route #55: 298 281 118 316 101 17
Time: 6444.1
Vehicle: 55
Distance: 11438.807151529529
-----------------------------------------------
rc1_4_3

Route #1: 295 235 10 239 110 345 195 279 309 244 216 227
Route #2: 262 84 40 372 130 253 275 209 167 358 153
Route #3: 308 337 379 312 257 388 301
Route #4: 184 164 165 133 384 261 166 314 300 119 191
Route #5: 218 171 21 134 351 132 390 248 322 162 116 280 225
Route #6: 194 381 82 152 305 299 333 59 41 14
Route #7: 334 185 137 339 294 174 268 86 231 124
Route #8: 398 270 252 353 43 205 189 149
Route #9: 287 264 24 30 260 320 281 362 233 290 8 376
Route #10: 329 193 325 399 38 221 254 240 212 60 98 22
Route #11: 147 263 71 79 51 27 292 183 335 371 6 7
Route #12: 208 15 11 341 302 382 394 327 33
Route #13: 266 224 226 53 47 242 313
Route #14: 368 223 274 54 395 215 293 74 197 25 44 323 36
Route #15: 201 232 78 392 148 62 251 397 200 69 104
Route #16: 277 316 243 179 173 352 285 319 18
Route #17: 186 35 357 331 273
Route #18: 250 46 55 377 145 28 121 383 150 58
Route #19: 211 307 330 324 91 385 1 114 190
Route #20: 284 196 127 90 360 108 3 344 348 2 126
Route #21: 214 76 32 363 311 37 48 336 175 102 70
Route #22: 85 107 168 118 65 52 170 180 370 207 141 159
Route #23: 155 255 73 192 326 249 112 387 187
Route #24: 278 9 100 220 64 234 338 29 122 229
Route #25: 92 115 367 267 129 272 340 396 160 61 45
Route #26: 269 346 199 176 88 365 83 81 66 378 13
Route #27: 136 117 375 355 210 400 391 288 206 188 178 222
Route #28: 75 317 374 373 151 56 49 276 393
Route #29: 343 228 146 42 19 354 198 303 139 298 241
Route #30: 361 169 172 219 34 5 347 204 140
Route #31: 182 125 282 259 63 304 306 142 203 131
Route #32: 144 99 96 113 265 342 230 68 156 94 135
Route #33: 238 39 380 297 181 177 332 245
Route #34: 236 247 80 16 291 111 109 271 364 4 89
Route #35: 87 389 286 57 246 356 157 350 289 321 17
Route #36: 93 143 296 256 328 315 202 283 12 23
Route #37: 213 161 349 318 72 217 369 120 386 106 128
Route #38: 77 97 154 163 20 105 310 26 138 123
Route #39: 359 95 67 50 31 258 366 101 237 158 103
Time: 7265.39
Vehicle: 39
Distance: 8743.938637766705
-----------------------------------------------
rc1_4_1

Route #1: 214 363 308 379 160 61 301 12
Route #2: 391 295 288 375 355 177 181 297 210 39
Route #3: 194 87 389 116 225 241
Route #4: 164 2 90 360 108 374 385 235 206 206
Route #5: 333 152 286 57 246 356 157 350 289 200 397
Route #6: 173 352 285 334 18 277 126 319 208
Route #7: 238 136 204 400 117 332
Route #8: 185 137 339 341 302 174 294 268 300 119 105 310
Route #9: 276 151 373 330 56 49 219 172
Route #10: 383 150 16 309 216 227 244 188
Route #11: 168 118 163 20 53
Route #12: 316 179 243 133 159
Route #13: 259 282 125 13 22 262 193 60 98
Route #14: 211 75 317 107 141 47 242 344 3 348 77 184
Route #15: 70 175 48 37 66 240 212 399 38
Route #16: 368 218 171 21 215 293 187 203 182
Route #17: 337 228 99 99 343
Route #18: 93 283 156 265 342 230 41 59 322
Route #19: 250 250 359 306 304 63 362 233 205 386
Route #20: 346 199 264 30 24 223 83 81 81 336 102
Route #21: 142 44 25 255 145 377 103 131 331 273
Route #22: 398 252 106 128 369 178 120 376 8 28 36
Route #23: 95 189 67 50 149 31 258 366 101 237 158 290
Route #24: 396 340 11 382 394 272 388 257 17 17
Route #25: 213 161 349 318 72 140 169 361 393 85
Route #26: 147 139 139 71 51 79 122 220 183 229
Route #27: 96 113 263 29 292 27 303 198
Route #28: 395 54 88 274 176 248 365 387 353 43
Route #29: 65 138 123 52 170 370
Route #30: 40 253 251 275 209 325
Route #31: 307 91 91 324 380 271 109 364 1 190
Route #32: 245 89 10 4 239 110 345 195 279 111 291 114
Route #33: 196 127 165 261 314 166 34 5 347
Route #34: 46 55 236 247 80
Route #35: 143 296 256 23 76 32
Route #36: 144 312 354 19 42 68 146 94 135
Route #37: 155 390 197 74 326 249 112 192 351 132 378
Route #38: 313 266 224 226 191 191 26 180
Route #39: 186 121 222 217 270 357 35 58
Route #40: 269 323 287 73 134 320 260 281
Route #41: 278 381 100 162 82 305 280 64 338 234
Route #42: 104 232 78 372 392 148 62 6 69 130 7
Route #43: 329 254 311 221 167 358 84 153 14 201
Route #44: 92 115 367 129 267 15 327 33 86 124 231
Route #45: 207 207 97 154 384 284
Route #46: 315 328 9 298 299 335 371 321 45 202
Time: 9744.55
Vehicle: 46
Distance: 10372.922384360436
-----------------------------------------------
r1_4_7

Route #1: 288 159 46 212 61 320 390 207 268 360 39 145 166 274 395
Route #2: 138 10 44 35 175 289 325 261 347 106 287 324
Route #3: 271 55 321 247 333 208 352 23 99 196
Route #4: 63 151 262 87 269 161 313 143 213 91
Route #5: 246 328 294 361 367 127 56 74 366 129
Route #6: 376 394 98 344 336 329 189 137 186 76
Route #7: 355 300 30 6 272 331 101 17 118 170 233
Route #8: 41 387 231 254 356 365 239 371 374 3 255
Route #9: 88 105 111 348 157 80 1 392 242 381 340
Route #10: 379 36 21 65 77 283 68 195 70 322 284 397 279 204
Route #11: 235 148 20 144 285 29 223 176 295 286 71
Route #12: 150 48 52 275 5 121 79 2
Route #13: 109 164 72 171 309 37 350 75 210 249
Route #14: 244 270 155 32 139 22 132 301 277
Route #15: 291 120 27 160 34 167 307 369 217 203
Route #16: 304 342 230 134 201 67 378 173 346 131
Route #17: 57 290 253 64 219 96 38 153 28 226
Route #18: 303 147 97 363 126 135 152 297 345 312 373 192 396
Route #19: 302 163 169 142 259 315 225 391 185
Route #20: 115 332 18 12 202 248 358
Route #21: 130 107 258 337
Route #22: 351 14 200 198 252 149 306 370 53 234 229 59 383
Route #23: 188 273 47 33 215 310 95 8 400
Route #24: 162 214 190 380 16 26 338 92
Route #25: 104 42 209 154 9 54 60 40 11 178
Route #26: 314 375 278 156 388 330 110 393 339
Route #27: 86 90 232 357 318 19 81 113 251 382 282
Route #28: 116 317 24 359 172
Route #29: 334 227 327 82 305 174 399 267 136
Route #30: 43 377 222 265 114 237 238 293 240 141 73
Route #31: 13 386 243 362 45 128 102 66 31 257 354
Route #32: 241 292 343 308 140 62 264 83 205 256
Route #33: 260 296 112 299 100 221 25 266 191 158
Route #34: 51 311 58 93 123 165 206 228 179 384
Route #35: 168 216 236 224 181 194 193 89 199 182 180 281
Route #36: 298 84 389 341 316 385 103 183 263
Route #37: 353 218 125 280 78 220
Route #38: 335 319 349 7 85 245 124 94 108
Route #39: 398 197 49 364 15 326 323
Route #40: 177 187 4 184 211 117 372 50
Route #41: 250 133 146 119 69 122 368 276
Time: 7774.36
Vehicle: 41
Distance: 9059.781802089175
-----------------------------------------------
rc1_4_4

Route #1: 35 250 359 398 186
Route #2: 308 396 340 337 343 12
Route #3: 155 197 74 326 249 112 132 390 192 351 187 306
Route #4: 23 135 45 94 96 113 265 230 68 147
Route #5: 33 86 268 394 382 174 294 339 300 137 185
Route #6: 46 55 252 353 43 205 189 28
Route #7: 259 63 304 255 73 134 377 145 287 25 21 54 365
Route #8: 168 118 151 373 56 49 276 219 140 161
Route #9: 301 92 115 341 302 11 267 129 15 327
Route #10: 22 329 282 125 182 357
Route #11: 266 224 226 163 20 105 310 119 191 166
Route #12: 213 238 210 39 204 72 318 75 393
Route #13: 9 299 335 82 305 289 157 338 64 229 220
Route #14: 201 262 153 253 275 209 38 221 48 336 175 102 70
Route #15: 203 290 258 320 24 30 260 281 264 103 36
Route #16: 184 196 127 165 90 3 242 344 2 277 284
Route #17: 232 78 40 372 392 130 148 251 62 333 59 41
Route #18: 136 375 288 295 16 80 247 332 245
Route #19: 126 334 124 231 314 261 26 65 138 123 47
Route #20: 99 228 61 19 354 312 160 379
Route #21: 93 76 32 363 214 58 150 383
Route #22: 144 143 296 256 202 315 328 278 322 17
Route #23: 217 297 1 364 271 109 111 279 10 235 206 178 222 270
Route #24: 283 156 51 292 27 303 198 257 388 272 367
Route #25: 172 317 307 380 347 34 349
Route #26: 158 237 101 378 13 60 193 241 298 139 71 342
Route #27: 146 42 263 79 122 29 183 100 321 194
Route #28: 376 8 95 67 50 149 31 366 233 362 199 346
Route #29: 369 236 188 227 216 244 309 291 239 4 114
Route #30: 164 348 97 154 384 133 360 108 77 313
Route #31: 381 87 389 116 286 246 57 152 371 6 7
Route #32: 316 243 179 173 352 285 319 18 208
Route #33: 273 331 218 171 395 387 44 323 269 142 131
Route #34: 117 400 355 177 181 391 190 386 106 128 120 121
Route #35: 14 104 325 399 254 311 37 240 212 98
Route #36: 211 361 169 52 170 53 180 370 207 141 159 85
Route #37: 368 248 176 223 274 88 293 215 83 81 66
Route #38: 89 195 110 345 5 385 91 324 330 374 107
Route #39: 84 167 358 69 397 200 356 350 234 280 225 162
Time: 9023.72
Vehicle: 39
Distance: 8513.877766696318
-----------------------------------------------
c1_4_1

Route #1: 80 315 221 284 351 58 356 134 107
Route #2: 73 265 380 85 328 177 95 30
Route #3: 217 191 349 344
Route #4: 332 310 339 262 400 8 319 260 43 34 230 224 41
Route #5: 33 255 157 212 169 237 28 249
Route #6: 387 278 78 231 188 125 225 323
Route #7: 186 154 381 202 268 79
Route #8: 115 373 167 148 378 164 367 391
Route #9: 394 68 14 288 6 178
Route #10: 49 298 140 279 90 196 321
Route #11: 397 72 203 365 273 341 207 232
Route #12: 105 155 395 361 350 187 200 119
Route #13: 385 24 93 229 204 295 103 220 137 384
Route #14: 301 139 280 392 36 55 256 205 261 131
Route #15: 357 77 74 178 327
Route #16: 5 160 337 330 143 254 293 183 123 42
Route #17: 322 151 270 193 19 120 294 60 53 313 86
Route #18: 334 216 358 195 285 18 238
Route #19: 303 144 235 281 129 91 130 372
Route #20: 126 331 398 66 277 325 368
Route #21: 56 141 252 370 274 138 170 4 190
Route #22: 393 112 135 135
Route #23: 94 54 180 179 386 379 312
Route #24: 189 174 390 271 244 57 48 345 98 250 234
Route #25: 366 150 83 354 99 300 13 37 20
Route #26: 51 181 389 1 116 127
Route #27: 114 44 272 306 377 124 2 347 376
Route #28: 292 226 109 172 26 350 282 352 40 75 228
Route #29: 287 31 362 108 248 171 243 239 192 128 27
Route #30: 343 269 64 100 145 318 106 297 329 163
Route #31: 208 100 263 176
Route #32: 87 70 302 201 25 96 353 311 241
Route #33: 63 213 121 233 173 161 396 307 264
Route #34: 286 88 209 185 10 152 336
Route #35: 342 309 118 21 346 45 158 104 227
Route #36: 17 326 214 355 117 247 162 320 168 283 289
Route #37: 97 29 9 47 299 305 275 240
Route #38: 291 52 16 314 136 317 22 399 132
Route #39: 371 38 333 67 65 245 242 259
Route #40: 335 348 388 215 46 147 153 89 166 258
Route #41: 375 149 101 7 257 15 76
Route #42: 267 364 340 206 184 175 3
Route #43: 102 69 222 159 304 71 113 211 59 253
Route #44: 290 182 236 61 218 11 369 110 35 223
Route #45: 23 199 82 296 359 50 383 220 122
Route #46: 92 266 165 308 146 246 81 197 84
Route #47: 324 156 133 210 382 338
Route #48: 374 32 62 39 111 194 363 251 316 276 142
Route #49: 360 198 12 219
Time: 6564.15
Vehicle: 49
Distance: 9590.938972296983
-----------------------------------------------
c1_4_3

Route #1: 250 57 271 390 305 249 372 349 344 91 130
Route #2: 70 298 87 73 317 22 399 132 196
Route #3: 303 144 122 129 263 137 384
Route #4: 92 310 266 179 386 379 312 246 81 197 339
Route #5: 97 375 149 101 7 257 300 13 15 76 311 241
Route #6: 360 299 9 47 169 212 255 33
Route #7: 221 284 351 58 356 134 107
Route #8: 5 160 337 330 143 147 89 166 258
Route #9: 63 121 161 233 173 382 338 256 205
Route #10: 374 32 62 39 67 65 396 307 264 38 371
Route #11: 198 112 90 393 219 237 157 28
Route #12: 287 108 362 128 244 48 345 98 234
Route #13: 29 302 201 25 96 49 353
Route #14: 301 280 392 191 294 120 36 139
Route #15: 332 262 400 8 319 260 43 34 230 224 41
Route #16: 154 214 355 117 40 183 123 228
Route #17: 292 226 109 172 352 282 26 350 75
Route #18: 189 174 290 304 71 113 59 253
Route #19: 182 236 61 218 11 35 110 369 223 240
Route #20: 267 391 148 373 167 378 164 367
Route #21: 135 140 31 248 239 192 243 171 27 12
Route #22: 387 278 78 231 188 125 225 323
Route #23: 331 398 66 277 325 368 37 20
Route #24: 141 252 370 274 138 170 4 190 275 56
Route #25: 94 54 180 84 18 238 21 118 309
Route #26: 30 177 380 85 328 265 95
Route #27: 42 72 203 365 273 341 397
Route #28: 324 156 133 210 254 359 293 60 53 313
Route #29: 51 181 389 1 116 127 245 242 259
Route #30: 146 165 308 268 79
Route #31: 186 381 202 342 106 297 329 163 115 126
Route #32: 86 199 82 296
Route #33: 334 216 195 285 358 207 187 200 119 232
Route #34: 335 385 24 93 229 204 295 103 220 217
Route #35: 366 150 83 354 206 184 175 3
Route #36: 102 69 222 340 364
Route #37: 23 193 19 55 50 383 131 261 213 315 80
Route #38: 322 151 270 333 111 194 363 251 316 276 142 99
Route #39: 357 77 327 14 288 6 178 74 394 68 211 159
Route #40: 286 88 209 185 10 152 336
Route #41: 343 269 64 208 100 145 318 45 346 104 227
Route #42: 279 52 136 314 16 291 321
Route #43: 114 348 235 388 215 153 46 176 281 44
Route #44: 17 247 320 168 283 289 158 162 326
Route #45: 105 155 395 361 272 306 377 124 2 347 376
Time: 6137.06
Vehicle: 45
Distance: 8904.014923143974
-----------------------------------------------

